0.250   0.089    0.244 0.021
0.200   0.068    0.198 0.016
0.150   0.046    0.152 0.010
0.100   0.026    0.104 0.006
0.050   0.006    0.050 0.003
0.000   0.015 0.009    0.004
0.050   0.030 0.060    0.013
0.100   0.041 0.102    0.019
0.150   0.051 0.145    0.021
0.200   0.059 0.185    0.020
0.250   0.067 0.223    0.022
0.300   0.075 0.262    0.025
0.350   0.082 0.300    0.026
0.400   0.089 0.339    0.026
0.450   0.095 0.381    0.028
0.500   0.101 0.425    0.030
0.550   0.110 0.476    0.038
0.600   0.116 0.535    0.049
0.650   0.125 0.595    0.061
0.700   0.132 0.654    0.072
0.750   0.135 0.704    0.081
0.800   0.140 0.761    0.096
0.850   0.146 0.825    0.111
0.900   0.153 0.893    0.128
0.950   0.160 0.957    0.142
1.000   0.160 1.007    0.157
1.050   0.163 1.076    0.181
1.100   0.166 1.133    0.194
1.150   0.165 1.192    0.210
1.200   0.163 1.238    0.225
1.250   0.160 1.285    0.241
1.300   0.156 1.326    0.253
1.350   0.152 1.364    0.263
1.400   0.147 1.401    0.273
1.450   0.143 1.437    0.283
1.500   0.138 1.468    0.291
1.600   0.127 1.504    0.300
1.700   0.116 1.522    0.305
1.800   0.106 1.545    0.311
1.900   0.097 1.569    0.318
2.000   0.086 1.592    0.324
2.100   0.076 1.615    0.330
2.200   0.066 1.638    0.336
2.300   0.056 1.661    0.342
2.400   0.046 1.684    0.348
2.500   0.036 6151     51615