9.120476979373642,2.9783956420599726,-0.3548410883268265,0.02124040117283683,2.9856824429596457E-4,0.119802282295757,0.0011120316542777874,-0.04343481372094884,7.220159168266477E-4,1.1300001
10.456693687644039,2.9035840778598616,-0.37361427289743143,0.022351549481198513,2.5551110951443147E-4,0.14070955415711586,0.0011163494753621964,-0.051806678460009824,5.513715285223835E-4,1.2579994
10.25884576081355,2.82920169981968,-0.3745260275481033,0.01806740082628947,6.880199755750449E-4,0.11761931542981037,0.002986725147760523,-0.04179714977841716,7.147531291396502E-4,1.1809998
9.977649512904577,3.0408167855041004,-0.24039787904981852,0.02267870755446372,3.35809115546008E-4,0.10233030092932542,0.0020313670011231177,-0.06318506016904306,0.0013785685881414695,1.1959991
10.559956563674291,3.0654895278336878,-0.3303035588739501,0.023444861358726518,4.2273435015245534E-4,0.11388589173119604,0.0010646620698412824,-0.045787447467891776,7.775464568954114E-4,1.8449993
9.063191730823736,3.012779346088664,-0.3326818733925212,0.018671780881364123,2.2691580311565466E-4,0.09357890661414374,0.0010681150157453405,-0.03880692681818847,6.434747204386566E-4,1.0710001
9.393793942617322,2.836329089918505,-0.2570557099002922,0.021817117978178115,3.109167793559324E-4,0.13202568006560972,7.854367176326799E-4,-0.07419468827751925,4.130357098908421E-4,1.1220007
8.407475264069024,3.160591475722641,-0.3704922463409423,0.021278640508766357,2.4391702481505663E-4,0.10007945546047081,6.713528213417837E-4,-0.025130750952252725,4.0132968079541355E-4,0.8380003
11.325940276314931,3.152505296847824,-0.4016906700218631,0.020988899884423404,3.6166119356845574E-4,0.10153467779886632,0.0012046215861194766,-0.022618072153065744,6.501545206392258E-4,0.54900074
10.380965702148512,3.137519375662789,-0.37914211885350985,0.023568003123271866,2.415418290595466E-4,0.11421975421734586,0.0018416385716951813,-0.03177557207871409,0.0010524431350906018,1.691
9.064415748961526,3.3228221654660848,-0.5422172175321611,0.026805780837257057,3.4054700767545084E-4,0.13922569494578044,0.0010961818887394784,0.0175380855924368,5.325706786646948E-4,1.3109999
10.788153786962445,3.3468281107247515,-0.46759134840924244,0.020860774749569704,3.3520712278879667E-4,0.0960730851458413,0.0010898503623678914,0.008328675567389499,8.172434293843086E-4,1.6719999
9.070844622322966,3.1711529448115665,-0.3616927429684256,0.019961501991006166,2.3975417641935968E-4,0.09604761220952565,7.05230140585086E-4,-0.02418323387804221,4.038127073233468E-4,1.158
9.08037881793221,3.1485447970556377,-0.35817481031804616,0.020305989940900444,4.225335600146927E-4,0.09793762098555192,6.465047564795909E-4,-0.025173029975712163,3.5015556393548473E-4,1.0710001
9.341705258797688,3.1647556694098355,-0.36529506805180884,0.019061457347355173,3.331333338265883E-4,0.09029344665566237,9.973381554520269E-4,-0.020077746728485578,4.2291650070366816E-4,1.1189995
8.039249612322749,3.127511579226295,-0.3930164552486799,0.017693881731854273,2.3693596601920662E-4,0.08837887918460245,5.265272111006542E-4,-0.02167389450549583,4.7072538466911906E-4,0.62300014
10.612110399910561,3.2641561565343005,-0.29267719538663217,0.023224528909024864,2.870892271449318E-4,0.0856648160855782,0.0019866767513253406,-0.02162137499290006,0.0013498904460509979,1.5159998
11.095569783893316,3.1925319503975027,-0.23664820949571133,0.018586182536232933,3.638031316178921E-4,0.06478286845550399,0.002357462953136956,-0.032987838715524104,0.0018419651724628052,1.184
10.086694959091474,3.197658065302971,-0.3074359542361404,0.020574983863942513,2.9632910912374093E-4,0.08426684514634072,0.004610696452607139,-0.02690663920278427,0.0026830115759650165,1.0100002
9.392287679426953,3.1252474155571597,-0.2698936444422204,0.023667009997640993,2.3316243266770098E-4,0.09842200427600888,0.001671456926525393,-0.050035337146068934,0.0011402750360946737,1.3880005
9.396750957375922,3.201519386530368,-0.31612334577565887,0.016636853074974957,2.2614330204840034E-4,0.06937344196711472,0.0012714211728770417,-0.02041428380184597,8.542101228546171E-4,0.98099995
10.039255964237855,3.111913626055545,-0.3355367924125994,0.019122532844475387,4.0997229352419446E-4,0.09062103420956359,8.568477646101509E-4,-0.03322724084011726,7.629539376007712E-4,1.1820002
8.673865298880493,3.029342158210349,-0.476641072741967,0.02463588124509972,2.3024892356266516E-4,0.14759136783151428,1.2232543178846363E-4,-0.0244904208697469,6.840084614135171E-5,1.0600004
8.384304768491521,3.0916817960807967,-0.34145359564575084,0.02100615929291583,2.9950292751744847E-4,0.10271825242148035,6.666776435168418E-5,-0.03812539662718216,4.2199480837900834E-5,0.816
8.362616006561591,3.061815778035338,-0.36964638797389693,0.021736791339500596,2.7884298536811464E-4,0.11283407102772106,1.1176496032326574E-4,-0.03651782331793575,6.568497704793896E-5,0.84000015
6.4770873341307365,3.0582195941704007,-0.4122862045626079,0.02131405516327457,3.5325243173475735E-4,0.12150192175021791,3.387415639203605E-5,-0.030924596009740256,2.1646304133790152E-5,0.4499998
7.666165075278755,3.083583421153196,-0.45784657067887813,0.021341966648153993,2.353954721888282E-4,0.11893398072592656,1.2337122392307973E-4,-0.01961680492427641,6.771728013352462E-5,0.6670003
8.219867776642559,3.0961518217283026,-0.396376928229121,0.021171446001499655,2.6104836438012736E-4,0.11307397492407321,8.54898903031381E-5,-0.02778197254073612,5.563156593409527E-5,0.8290005
6.6697019990451665,3.090371058016521,-0.37866403444854063,0.020467775766734114,7.614745710375117E-4,0.11061037904262613,4.3904906354701935E-5,-0.031865155861072136,2.5100364624298555E-5,0.47800016
9.9537628946873,3.0912063782871373,-0.45969984948381276,0.02237074377160955,2.792157207568203E-4,0.12458982195651919,1.5247031586567117E-4,-0.019835972314162783,1.0502624743066414E-4,1.6900005
8.046555588135998,3.10008630665029,-0.40762588377157016,0.021394769481045066,2.680858050160695E-4,0.11539520739296055,8.994391352651774E-5,-0.027235017425992675,5.901745962503215E-5,0.8789997
10.728263227860243,3.0278083718455084,-0.41626084488328763,0.021111627372685418,3.6269584685349776E-4,0.12202206644506794,2.4255486892185238E-4,-0.03263582365807811,1.5602047563291032E-4,1.8389997
9.67591918800238,3.0947414931638337,-0.5307239111421426,0.021822410949538025,2.4196057066682922E-4,0.13122188927065617,1.6714110929893694E-4,-0.01025424378924029,8.124220976504513E-5,1.4779997
9.125911711345193,3.010397118083031,-0.4875904481298108,0.02102623180396572,5.154427162407538E-4,0.12710213623001007,8.85151487652053E-5,-0.02228405018570609,4.034393971769073E-5,0.96100044
9.512425900207713,3.0762372320858242,-0.4437597769375318,0.02193915011447843,2.4464613132875213E-4,0.12233209009181625,1.6884918238409044E-4,-0.02494698882793528,1.1762038235020685E-4,0.92199993
7.3131003527402605,3.082435086884628,-0.39150064029873144,0.02128548504771379,4.7131754820670216E-4,0.11315726722810873,5.625606585639797E-5,-0.0312974818832853,3.313047516573757E-5,0.7750001
6.660897005771886,3.0533271819100163,-0.34872739040818873,0.020898653787749754,3.685244777503382E-4,0.10483877157669313,4.01972298217514E-5,-0.03598541886320323,2.6740198811604876E-5,0.4619999
7.5998963380867615,3.0395469575666363,-0.36899805869791535,0.019869505055208576,3.1618234950328534E-4,0.109623843777029,5.7008973725593334E-5,-0.03515067443556937,3.534105278313094E-5,0.8180003
9.70099141435848,3.0221349309543455,-0.42142325035676287,0.02085894618338443,2.6379122403427505E-4,0.1221538294970969,1.7681962016500414E-4,-0.03341646611177618,1.1929007652934228E-4,1.3100004
8.86739682637883,3.0269848761944744,-0.35369349838461206,0.019563461653182526,2.458226689312035E-4,0.10468007266597788,9.976337784868816E-5,-0.03840561052805617,7.392829942208004E-5,0.94500065
6.924948899252119,3.0135490767200417,-0.3533885712548195,0.015647209062081342,7.336051371470456E-4,0.09269139228615833,4.343957553748353E-5,-0.03249493320365772,2.3306037182183724E-5,0.45699978
8.567908554614451,2.865678270899861,-0.45323398229007095,0.023794574352802904,2.601589083595827E-4,0.16221488395060085,8.423532360672241E-5,-0.03941312403314764,4.2645101172723996E-5,0.98899937
9.10681733673005,3.072530916810678,-0.26592698193945136,0.01691312347698177,2.2567210682787432E-4,0.07566019713045581,1.540267753892106E-4,-0.03849407774729638,9.449643080981981E-5,0.84399986
9.134032514660241,3.0749227954214144,-0.2212227392667402,0.02046616322232578,3.112677783091804E-4,0.08470295744428492,1.0407932844417158E-4,-0.05291663210471752,7.043921717107349E-5,1.2710009
7.343055815318618,3.071429582797256,-0.2714908495583918,0.022995032678476506,2.910624334905167E-4,0.10549342029516134,5.6503539596319854E-5,-0.054192734413947174,3.3571006773864436E-5,0.64400005
10.110264961764237,3.0855088800372608,-0.3100005423433852,0.022989632037786985,2.709115677817476E-4,0.1083235080181315,1.4346898161537175E-4,-0.0462556747134908,9.568523255350235E-5,1.8240004
7.200917457114915,3.0608339403898466,-0.32912375295284957,0.021461102450225554,4.384508719043661E-4,0.1035366484863466,5.866796474694098E-5,-0.037868675890001334,3.748149831551764E-5,0.5890002
6.968958886668002,3.051327910178729,-0.3324215918248962,0.023359782558379817,3.210614543375885E-4,0.11737276781629954,5.4135550736094413E-5,-0.04579646230161957,3.163661735466072E-5,0.5669999
8.586330689473261,3.0538433870760984,-0.339181971040837,0.020116013228878914,2.5076726258879906E-4,0.0993743816948839,1.1110134343105872E-4,-0.03793542068509716,6.702450581102088E-5,0.8210001
8.933342844700885,2.9980851184785284,-0.2598471276253909,0.01760286381314808,4.053405963437483E-4,0.08279520886141947,8.216049246666494E-5,-0.04847735962889494,5.745163624789387E-5,0.82199955
8.34109048103593,3.093449724141023,-0.3287445751859623,0.02170265175932578,2.3383270442062527E-4,0.10641400064922385,1.299758666265501E-4,-0.039258263636650574,7.660418422578887E-5,0.8479996
7.850644897736327,2.998365706208341,-0.3399621106939264,0.022190752174103472,2.5069071461486926E-4,0.11982104005672793,7.664999119448111E-5,-0.04830499678322977,4.908624860836014E-5,0.7409992
9.377253350640927,3.404721704961683,-0.383379924135241,0.019248361282467933,2.354557665387374E-4,0.07264902177155691,1.7365763397180075E-4,0.009970148077465144,1.0933806160836379E-4,1.0749998
9.532962232529362,3.19106561008468,-0.5184494120414671,0.02807580754700979,2.517088539374283E-4,0.1547481496460041,1.4900087137221382E-4,-0.005447281050507622,1.1836965927305831E-4,1.4549999
10.28211612526025,3.3857460827655275,-0.44699729673870914,0.022134861452730487,2.510473005463403E-4,0.0932565900428134,1.8446666124593926E-4,0.013290002503224775,1.4058664260948968E-4,1.2340002
6.945276182345079,3.183936139826291,-0.4872888071773423,0.02218379673685302,2.3867361174367116E-4,0.11957258698481067,5.7477686793459206E-5,-0.005516379288478634,4.518915070651219E-5,0.55200005
7.839895365701132,3.157115002382114,-0.46860961928104594,0.020921866156946935,2.727204961238684E-4,0.11482470630203263,9.250909129031985E-5,-0.013057776541816992,6.040498820824495E-5,0.724
10.129060864276205,3.154798539481885,-0.6143895212451662,0.027358070400184155,2.500790772082067E-4,0.1755234467985036,1.8527451623820374E-4,0.006501292702795693,1.0501418279700202E-4,1.7090006
6.763715267080304,3.1210500953598825,-0.35951950042187775,0.021493636288266876,3.2586412700287326E-4,0.10609156029853514,5.468990921469793E-5,-0.03196735413659793,3.2959386685368574E-5,0.4790001
7.739355493932212,3.169661536681547,-0.36858918249085687,0.0217449820246957,2.4068735357362384E-4,0.1011236212012181,1.0176095149424483E-4,-0.026742496616882966,5.584625344730326E-5,0.6789999
7.5997304530789584,3.1847935185861216,-0.39606518939708824,0.01856384707166444,3.2471511992838455E-4,0.0899477988786954,5.675423268430125E-5,-0.01735858954846591,3.398117297611686E-5,0.62000036
9.577285658067192,3.225596288437157,-0.3801174289333161,0.02339541661706997,2.3551624233201683E-4,0.10258702546222775,1.7178561691192718E-4,-0.016164530838817,1.1654478500733529E-4,1.1289997
7.626810528618726,3.1208827677009636,-0.38653953574707983,0.022128192318856415,2.583597819372566E-4,0.11308870282811495,8.234134921226483E-5,-0.025041382644150696,4.529830990972199E-5,0.6420002
7.3305385375934335,3.206949642241291,-0.4316972401761142,0.02163539868597916,2.4568998849830003E-4,0.11001262418113246,7.576034287033972E-5,-0.012471181174317085,4.172668641215017E-5,0.6279998
9.914179860817292,3.134223526763137,-0.4024097586936698,0.02424419689397109,3.1480311655478286E-4,0.12500193253991934,1.826721386881674E-4,-0.02647287552674944,1.1644691126387541E-4,1.2650003
10.58860189602343,3.142319885767354,-0.49101835288685647,0.021816950365706477,2.7791346194698264E-4,0.1193477670439743,1.7173429867125745E-4,-0.010866532968769972,1.339769755669643E-4,1.3949995
8.764392287867945,3.1756504165354085,-0.40784774265769785,0.02087913314950845,2.3622615659914448E-4,0.10235722752379048,1.5667988805350994E-4,-0.018991969402066308,7.57378500136802E-5,0.9840002
8.081517026531856,3.202374068733206,-0.32900891074912986,0.02140284369169095,2.6684794511763987E-4,0.08671559315587013,7.82979564328199E-5,-0.025981756890682224,5.7223426726523994E-5,0.78100014
10.251978262001698,3.1609099093997672,-0.41965820214432986,0.023244603641984243,2.4200885939715567E-4,0.11559810384472564,2.712951951384863E-4,-0.018936099304509343,1.8304500055119942E-4,0.8199997
7.2469532608907485,3.148779118670766,-0.39071329486963846,0.02112922554509881,3.9036010695552616E-4,0.10520350231301757,5.632400511649453E-5,-0.023801456270055418,3.386673450371299E-5,0.6039996
6.1992101854267005,3.116984404536334,-0.43113882629717126,0.02185053937695105,8.148860482765393E-4,0.11563401989272089,3.244333475368376E-5,-0.02151549174279536,2.5582085764836175E-5,0.4329996
9.215260977354351,3.1145366636901985,-0.4152102359874452,0.022190950591400256,2.2245984130531558E-4,0.11886392884570686,2.0690024783825918E-4,-0.023421479573881836,1.5324381114587457E-4,0.99400043
6.82761528338046,3.1177973220464863,-0.38471577716556893,0.01987859559956194,3.162830189901472E-4,0.09990860386823558,5.518694989283073E-5,-0.02665316726560044,2.6959624050983978E-5,0.48499966
9.137951777901968,3.166628441358838,-0.40286268802220776,0.020383206880228065,2.682315272208738E-4,0.1005072917299469,1.5428588192715784E-4,-0.019253776702639197,7.54421253946929E-5,1.0950003
8.669166038999226,3.120675713705562,-0.359120549424193,0.021969112967672746,2.3955954052777803E-4,0.10764226974127675,1.545329009389915E-4,-0.03289045908199239,9.197618450624756E-5,0.941
6.885657848183108,3.231090164196462,-0.4311970232648785,0.021203141220128674,3.629456267776533E-4,0.1029851341996178,4.149221844577079E-5,-0.010818529013966838,1.8034440381315724E-5,0.51499987
9.999126067022594,3.1832479915344467,-0.4196116875907324,0.02077762609128902,2.3641693870604124E-4,0.10451474204480947,2.238967352905799E-4,-0.016503021779772333,1.3038916348655572E-4,1.375
7.916283446646965,3.129196529689327,-0.38100367187792555,0.02194360572943734,4.707776721844372E-4,0.10884520698030156,7.320353174054275E-5,-0.028085316184686886,3.631579942256427E-5,0.7769995
6.488760279505236,3.2009754876331327,-0.3952973015302908,0.021665071760476846,4.054153107525696E-4,0.10281642504829953,3.647090716297836E-5,-0.017418052224070054,2.360766414207476E-5,0.4659996
10.382303682573246,3.1992884440082214,-0.40132395020696604,0.021415918670176875,2.3923266373621543E-4,0.10459402450314914,2.2820759019970545E-4,-0.018434189197599253,1.3245044831373834E-4,0.9899998
8.785904108822017,3.1396038680475202,-0.3711344317384918,0.022371931512904925,2.5402572405520214E-4,0.10680191403144913,1.1697686465812299E-4,-0.028273942445388806,6.916602580825013E-5,1.0230007
6.2971994482690725,3.137964071119154,-0.3932968157985572,0.020870193673043637,7.2243741661171E-4,0.10688477283183483,5.785761382015535E-5,-0.025069830603162032,3.144586717478144E-5,0.533
8.813560371462604,3.1506567673156742,-0.4140892747565087,0.021566241272541083,2.436568794553544E-4,0.10926729280265568,1.5790556767024063E-4,-0.017964263945996074,1.1368646812595477E-4,1.0320005
8.238166186927344,3.1243398852944693,-0.4442139971498828,0.020558073816956762,2.753948992441831E-4,0.10711582403340074,8.753257193343921E-5,-0.0162992022359532,5.8471211302754546E-5,0.7869997
6.476665354469954,3.1488049116389147,-0.4233792079513803,0.020447622181884974,3.541477025184494E-4,0.10422980079591739,4.122336271273131E-5,-0.01913248689155815,2.9418405079343626E-5,0.44700003
9.571210384818578,3.1042164470725107,-0.37466187828566677,0.021755325288499022,4.0942170569127395E-4,0.11087971689488069,1.1964076034470186E-4,-0.030630358547137252,7.393886731994229E-5,1.2040005
7.671115336398749,3.127434607878507,-0.36815400267049186,0.021637134549684852,2.774179774263922E-4,0.10869976022151363,6.540929782609308E-5,-0.028414996894068168,3.7993044721901774E-5,0.66500044
8.795247103642534,3.344925971259603,-0.24794166011526503,0.018131110359476628,2.87656964154858E-4,0.052193111473620185,9.938916089579734E-5,-0.01360115590435495,7.057324530094197E-5,0.86800003
8.647116809045187,3.2536082690560724,-0.3051455351969796,0.018340619353821246,2.5367766698292603E-4,0.06978302569970903,1.0954963792186272E-4,-0.01804583214639229,7.796000588467601E-5,0.8199997
8.729106606094671,3.2710081897184087,-0.2893270676388625,0.01881463984357652,2.8363773110621376E-4,0.06625565468722883,9.825719178892021E-5,-0.018034261785365387,6.313871195550684E-5,0.8480005
9.846421287012673,3.165947955013241,-0.2726518761483302,0.019847276231107814,2.1675089900922168E-4,0.07924230951628802,2.591471662801933E-4,-0.035212523402835684,1.6641546947042854E-4,1.4440002
7.134616335183697,3.2027057866865865,-0.30682410327978726,0.02007246251008943,3.313715437036775E-4,0.0830971629433241,4.256829082028012E-5,-0.02625011664768468,2.730158071057356E-5,0.55599976
7.550180510717507,3.2041510795320938,-0.3144499039685112,0.02087882240544266,2.4019268731466102E-4,0.08674349538288861,6.823394065525284E-5,-0.025500949162056658,4.911150283431997E-5,0.6550002
7.727745760325043,3.21571676612373,-0.3128419943255768,0.016448884145406226,2.7983128693500226E-4,0.06582265896163668,6.236763800095854E-5,-0.01819648014469858,4.0622508775926416E-5,0.5939994
6.27780856962335,3.1654108509527297,-0.2590353983341634,0.01591530818074598,3.85447865006257E-4,0.06283831833115544,3.362026132052802E-5,-0.028917647486901264,2.3564102504171482E-5,0.3050003
10.1663626148665,3.116139070454238,-0.3333789884727101,0.02101855756692514,2.48353116444958E-4,0.10010909194726454,2.118866590962801E-4,-0.03376675361753651,1.2365936122759152E-4,0.6819992
7.516698593421438,3.2187855801270318,-0.31923070848631385,0.021164914357980215,4.3148030093931083E-4,0.08897762140882558,5.452343580913329E-5,-0.023361789831168638,3.6797857311335286E-5,0.82800007
8.574109094536439,3.2179755630129288,-0.2379311931050028,0.01879722283954642,2.830717556422717E-4,0.06450637519727076,9.390363497967115E-5,-0.0311831313782614,5.3808478261431716E-5,0.85200024
10.202884861192212,3.095114056153315,-0.24570620755532943,0.01836846251832638,2.9831099919909205E-4,0.07893519251924536,1.4705387408990074E-4,-0.04124636580975099,8.690738004221613E-5,1.4359999
