8.4722,2.8206281261485247,-0.42750141986916435,0.00851,0.00092,0.02072,0.00128,-0.04789,0.00096,0.0,20.0,0.38
8.1884,2.841121619678347,-0.4361385252025827,0.00675,0.00085,0.02322,0.0010600000000000002,-0.04691,0.00082,0.0,20.0,0.28
8.9701,2.88448490340574,-0.48175710746138156,0.008199999999999999,0.00132,0.024579999999999998,0.0015600000000000002,-0.0475,0.0014399999999999999,0.0,20.0,0.46
11.0311,2.85500747894061,-0.43425376604418164,0.00795,0.00215,0.020649999999999998,0.00284,-0.04958,0.0024500000000000004,0.0,20.0,0.75
9.6728,2.8619347877702292,-0.44121312149175707,0.00658,0.00138,0.020579999999999998,0.00191,-0.04451,0.00148,0.0,20.0,0.58
9.981,2.885748386432627,-0.4578330826337693,0.00817,0.0012900000000000001,0.02287,0.00163,-0.0446,0.00165,0.0,20.0,0.61
10.2196,2.8995240201016235,-0.45458805939637165,0.00608,0.00182,0.02134,0.0022400000000000002,-0.042159999999999996,0.00217,0.0,20.0,0.7
6.716,2.8984952714191454,-0.4516862721208985,0.008119999999999999,0.00051,0.01988,0.00063,-0.04525,0.00057,0.0,20.0,0.02
10.6845,2.8752372307564387,-0.4258138108408898,0.00298,0.00275,0.02124,0.00371,-0.04493,0.00332,0.0,20.0,0.71
7.1287,2.8741166538932625,-0.4236284124173342,0.008320000000000001,0.00079,0.02391,0.0009699999999999999,-0.04511,0.00074,0.0,20.0,0.05
7.3028,2.9108257095624235,-0.4609207570832102,0.007330000000000001,0.00061,0.02057,0.0008100000000000001,-0.04274,0.00086,0.0,20.0,0.08
10.5328,2.8774438516420986,-0.4264617921694484,0.01019,0.00219,0.02324,0.0026200000000000004,-0.04311,0.00216,0.0,20.0,0.68
10.0767,2.8938158180970173,-0.4407339852338725,0.01182,0.0019399999999999999,0.02682,0.0027400000000000002,-0.04423,0.00211,0.0,20.0,0.68
9.7291,2.8398389265920034,-0.3808539716035375,0.00919,0.00166,0.02131,0.0019,-0.04636,0.00167,0.0,20.0,0.61
9.279,2.896948539192556,-0.43367588603299384,0.0081,0.0010600000000000002,0.02178,0.00142,-0.04497,0.00126,0.0,20.0,0.51
10.2149,2.8708323195030983,-0.40509298899571733,0.00664,0.00151,0.01467,0.0018000000000000002,-0.04759000000000001,0.00167,0.0,20.0,0.66
9.2749,2.907294167833335,-0.44001642307297223,0.0076500000000000005,0.0015,0.02004,0.00189,-0.04256,0.00151,0.0,20.0,0.53
9.959,2.9263344338102057,-0.4570962265771128,0.0072699999999999996,0.00159,0.023969999999999998,0.0017800000000000001,-0.04689,0.0014,0.0,20.0,0.62
10.4945,2.914003108964414,-0.444833352216394,0.00827,0.00207,0.01887,0.00222,-0.04338,0.00171,0.0,20.0,0.75
8.4967,2.944141175021587,-0.4738461720307769,0.0073,0.001,0.019920000000000004,0.00102,-0.0455,0.00086,0.0,20.0,0.38
8.0169,2.902467554449834,-0.4254206015837735,0.00758,0.0009000000000000001,0.01877,0.0010600000000000002,-0.04636,0.00095,5.6,1.6,0.41
8.7909,2.9437389758591044,-0.459939059247444,0.00944,0.00103,0.01652,0.00121,-0.044360000000000004,0.00116,0.0,20.0,0.46
5.4507,2.8979166007871098,-0.41413976129965935,0.00865,0.00035999999999999997,0.02038,0.00043,-0.04481,0.00037,4.9,1.1,0.01
9.0747,2.911140144156363,-0.4272397815427128,0.00833,0.00122,0.02187,0.0013700000000000001,-0.04318,0.00108,6.2,0.6,0.47
3.6857,2.9003927871175117,-0.41623687707854895,0.008060000000000001,0.00025,0.02084,0.00028000000000000003,-0.046060000000000004,0.00023,0.0,20.0,-0.09
9.6046,2.9275988673295306,-0.4428351900085898,0.01067,0.0013700000000000001,0.01652,0.00146,-0.04353,0.00115,0.0,20.0,0.56
5.6447,2.8920986590920834,-0.4060380678562461,0.00797,0.00037,0.02036,0.00045000000000000004,-0.046520000000000006,0.00041,4.7,0.9,-0.03
4.2724,2.896963360734208,-0.4107554018424691,0.00797,0.00033,0.02124,0.00038,-0.040560000000000006,0.00035,12.5,3.7,-0.08
7.4563,2.8455463314267537,-0.35503854307528276,0.00882,0.00079,0.020829999999999998,0.0015600000000000002,-0.04834,0.00092,-0.2,3.6,0.14
7.8134,2.939743690381732,-0.45138762997628606,0.01104,0.00093,0.01841,0.001,-0.04682,0.00087,0.0,20.0,0.2
3.8591,2.900223085679318,-0.41040482999294936,0.00851,0.00028000000000000003,0.02095,0.00031,-0.04598,0.00028000000000000003,6.5,1.0,-0.02
5.7675,2.8981072994638497,-0.4077664748233587,0.00877,0.00054,0.02018,0.0007,-0.04487,0.00062,0.0,20.0,0.02
8.108,2.8876727867616965,-0.39658926032696606,0.008,0.0008900000000000001,0.019,0.00099,-0.04723,0.00094,0.0,20.0,0.24
6.4389,2.8988969955494945,-0.40773894361111207,0.00858,0.0005600000000000001,0.01988,0.00073,-0.04437,0.0006500000000000001,6.4,2.0,0.02
4.1534,2.907191564465236,-0.4145008224331965,0.00858,0.00037,0.02113,0.00035,-0.04365,0.00027,5.5,2.2,0.02
8.8163,2.883962607807027,-0.3892323656323758,0.00442,0.00148,0.02091,0.00165,-0.04513,0.00138,0.0,20.0,0.42
6.8487,2.902015961081874,-0.4053341309405588,0.00766,0.00066,0.02273,0.00084,-0.045,0.00085,0.0,20.0,0.04
7.0227,2.9123499958548673,-0.4136220393454325,0.0089,0.0007700000000000001,0.01856,0.00075,-0.04431,0.0006,0.0,20.0,0.05
2.848,2.9089078171054807,-0.4093699027229542,0.00809,0.00042,0.01934,0.00039000000000000005,-0.04367,0.00033,7.9,2.4,-0.01
6.8592,2.906580823650493,-0.4069900303489856,0.00942,0.00075,0.01833,0.00087,-0.04469,0.00074,0.0,20.0,0.08
8.3816,2.893538769618187,-0.3920308766741384,0.00968,0.00093,0.019260000000000003,0.00096,-0.04675,0.00091,0.0,20.0,0.29
5.4355,2.9204889539033183,-0.4158328158308956,0.00845,0.00039000000000000005,0.01799,0.00039000000000000005,-0.04657,0.00032,8.4,1.3,-0.01
7.0038,2.9090772545036243,-0.40354286640253595,0.00787,0.00132,0.01768,0.00148,-0.04328,0.0013700000000000001,8.4,1.3,0.14
5.0295,2.913942386126729,-0.4043814101020254,0.008539999999999999,0.00031,0.01807,0.0003,-0.047200000000000006,0.00027,-4.2,3.0,-0.06
6.6115,2.911361671844937,-0.4007729237722152,0.00818,0.00059,0.01742,0.0006500000000000001,-0.045380000000000004,0.0005200000000000001,6.5,1.5,-0.02
7.0302,2.936206097155298,-0.4236371396180875,0.0083,0.00066,0.01852,0.0008,-0.04287,0.0006500000000000001,0.0,20.0,0.05
6.1646,2.9211415723346055,-0.4083651577604601,0.00872,0.0006,0.016730000000000002,0.00063,-0.04482,0.0005300000000000001,8.4,0.4,-0.02
6.9844,2.921561614184758,-0.4020537002237053,0.00993,0.00075,0.01886,0.00083,-0.04351,0.00069,0.0,20.0,0.09
8.9468,2.9162005615288735,-0.39336695754780476,0.0076500000000000005,0.00134,0.021840000000000002,0.0014,-0.0455,0.00108,0.0,20.0,0.44
10.6362,2.9831706575062746,-0.4538571982470294,0.0061600000000000005,0.00142,0.01435,0.00207,-0.04532,0.00195,0.0,20.0,0.7
9.548,2.9181680770477847,-0.38696018353501205,0.010130000000000002,0.00166,0.01564,0.00199,-0.04622,0.00166,0.0,20.0,0.55
8.4209,2.949749094514052,-0.3968702841601022,0.00718,0.00148,0.01659,0.00122,-0.04778,0.00108,0.0,20.0,0.3
9.5175,2.9877543987845043,-0.42311383908086225,0.008199999999999999,0.0014399999999999999,0.020399999999999998,0.00152,-0.04987,0.00116,0.0,20.0,0.59
9.8022,2.974841864699819,-0.3788483746561261,0.00588,0.00126,0.020079999999999997,0.0015400000000000001,-0.04667,0.0011200000000000001,0.0,20.0,0.64
