 0.030000 8.0000 0.10000000 0.1000 -2.5579 3.5015 4.9477 11.165 16.621 15.089 13.459 12.236 10.721 9.328 8.787 8.511 1.57040203 0
 0.030000 8.0000 0.10051851 0.1005 -2.5544 3.5017 4.9476 11.156 16.606 15.075 13.446 12.224 10.711 9.320 8.779 8.503 1.57545948 0
 0.030000 8.0000 0.10880093 0.1088 -2.4987 3.5068 4.9465 11.017 16.353 14.846 13.234 12.034 10.555 9.192 8.647 8.376 1.65270770 0
 0.030000 8.0000 0.12000000 0.1200 -2.4271 3.5142 4.9470 10.838 16.007 14.535 12.949 11.781 10.352 9.029 8.479 8.215 1.74782515 0
 0.030000 8.0000 0.12234905 0.1223 -2.4144 3.5153 4.9473 10.806 15.950 14.483 12.900 11.737 10.317 9.000 8.449 8.186 1.76658571 0
 0.030000 8.0000 0.13841784 0.1384 -2.3273 3.5231 4.9450 10.588 15.556 14.127 12.570 11.441 10.074 8.799 8.243 7.987 1.88505542 0
 0.030000 8.0000 0.14000000 0.1400 -2.3195 3.5239 4.9452 10.569 15.519 14.093 12.539 11.414 10.052 8.781 8.225 7.969 1.89584959 0
 0.030000 8.0000 0.14187622 0.1419 -2.3105 3.5247 4.9451 10.546 15.479 14.057 12.506 11.383 10.027 8.761 8.203 7.949 1.90846705 0
 0.030000 8.0000 0.16000000 0.1600 -2.2265 3.5317 4.9416 10.336 15.138 13.739 12.205 11.108 9.801 8.569 8.004 7.754 2.02115250 0
 0.030000 8.0000 0.19688545 0.1969 -2.0829 3.5430 4.9331 9.977 14.573 13.209 11.704 10.645 9.418 8.239 7.663 7.419 2.20807147 0
 0.030000 8.0000 0.20000000 0.2000 -2.0720 3.5439 4.9326 9.950 14.530 13.168 11.665 10.609 9.389 8.214 7.637 7.394 2.22178221 0
 0.030000 8.0000 0.21665609 0.2167 -2.0181 3.5479 4.9294 9.815 14.322 12.973 11.479 10.438 9.246 8.090 7.509 7.268 2.29042673 0
 0.030000 8.0000 0.25000000 0.2500 -1.9184 3.5551 4.9206 9.566 13.922 12.625 11.171 10.147 8.986 7.849 7.261 7.032 2.40809011 0
 0.030000 8.0000 0.27864018 0.2786 -1.8455 3.5602 4.9155 9.384 13.627 12.375 10.958 9.943 8.797 7.668 7.076 6.859 2.49254298 0
 0.030000 8.0000 0.30000001 0.3000 -1.7955 3.5638 4.9118 9.259 13.425 12.205 10.812 9.804 8.668 7.545 6.949 6.740 2.54750419 0
 0.030000 8.0000 0.30354801 0.3035 -1.7875 3.5643 4.9112 9.239 13.393 12.178 10.789 9.782 8.648 7.525 6.929 6.721 2.55606818 0
 0.030000 8.0000 0.33712289 0.3371 -1.7142 3.5693 4.9034 9.056 13.102 11.932 10.578 9.580 8.459 7.343 6.743 6.545 2.63015056 0
 0.030000 8.0000 0.34999999 0.3500 -1.6873 3.5711 4.8998 8.988 12.998 11.843 10.502 9.507 8.390 7.276 6.674 6.481 2.65552020 0
 0.030000 8.0000 0.40000001 0.4000 -1.5843 3.5782 4.8831 8.731 12.606 11.493 10.187 9.209 8.128 7.030 6.416 6.237 2.74133730 0
 0.030000 8.0000 0.44211358 0.4421 -1.4932 3.5841 4.8593 8.503 12.283 11.177 9.884 8.928 7.899 6.825 6.191 6.025 2.80089784 0
 0.030000 8.0000 0.44999999 0.4500 -1.4766 3.5852 4.8545 8.462 12.225 11.120 9.829 8.877 7.857 6.788 6.150 5.986 2.81098008 0
 0.030000 8.0000 0.50000000 0.5000 -1.3694 3.5930 4.8242 8.193 11.831 10.731 9.454 8.532 7.588 6.552 5.886 5.739 2.86847806 0
 0.030000 8.0000 0.55000001 0.5500 -1.2576 3.6019 4.7897 7.914 11.416 10.314 9.049 8.165 7.307 6.311 5.614 5.485 2.91663504 0
 0.030000 8.0000 0.60000002 0.6000 -1.1321 3.6148 4.7533 7.600 10.969 9.857 8.606 7.761 6.991 6.041 5.337 5.220 2.95739889 0
 0.030000 8.0000 0.64999998 0.6500 -1.0184 3.6271 4.7237 7.316 10.544 9.431 8.198 7.391 6.703 5.798 5.094 4.987 2.99236870 0
 0.030000 8.0000 0.69999999 0.7000 -0.9129 3.6387 4.6970 7.052 10.108 9.031 7.832 7.064 6.430 5.568 4.886 4.788 3.02253795 0
 0.030000 8.0000 0.75000000 0.7500 -0.7917 3.6542 4.6676 6.749 9.563 8.549 7.399 6.683 6.114 5.310 4.663 4.576 3.04879928 0
 0.030000 8.0000 0.78749740 0.7875 -0.7088 3.6656 4.6516 6.542 9.160 8.215 7.108 6.431 5.897 5.135 4.524 4.443 3.06636882 0
 0.030000 8.0000 0.80000001 0.8000 -0.6789 3.6698 4.6451 6.467 9.014 8.095 7.003 6.340 5.819 5.072 4.475 4.396 3.07187057 0
 0.030000 8.0000 0.85000002 0.8500 -0.5612 3.6866 4.6212 6.173 8.427 7.631 6.602 5.995 5.516 4.830 4.286 4.216 3.09222293 0
 0.030000 8.0000 0.85887289 0.8589 -0.5412 3.6894 4.6169 6.123 8.328 7.554 6.536 5.938 5.465 4.789 4.254 4.186 3.09558105 1
 0.030000 8.0000 0.89999998 0.9000 -0.4496 3.7029 4.5996 5.894 7.869 7.201 6.233 5.678 5.234 4.605 4.112 4.049 3.11026096 1
 0.030000 8.0000 0.92551547 0.9255 -0.3922 3.7107 4.5854 5.751 7.601 6.995 6.057 5.523 5.093 4.490 4.019 3.960 3.11869717 1
 0.030000 8.0000 0.94999999 0.9500 -0.3409 3.7179 4.5741 5.622 7.358 6.808 5.898 5.384 4.967 4.388 3.938 3.881 3.12635612 1
 0.030000 8.0000 1.00000000 1.0000 -0.2352 3.7320 4.5471 5.358 6.879 6.437 5.584 5.106 4.713 4.178 3.766 3.715 3.14080405 1
 0.030000 8.0000 1.01779854 1.0178 -0.1974 3.7368 4.5364 5.264 6.714 6.307 5.475 5.008 4.624 4.103 3.704 3.654 3.14559150 1
 0.030000 8.0000 1.04999995 1.0500 -0.1323 3.7452 4.5184 5.101 6.430 6.085 5.289 4.840 4.470 3.975 3.596 3.550 3.15380883 1
 0.030000 8.0000 1.10000002 1.1000 -0.0330 3.7575 4.4883 4.853 6.020 5.755 5.011 4.590 4.239 3.779 3.430 3.387 3.16554141 1
 0.030000 8.0000 1.14999998 1.1500 0.0632 3.7689 4.4570 4.612 5.640 5.441 4.747 4.351 4.017 3.590 3.266 3.227 3.17617631 1
 0.030000 8.0000 1.20000005 1.2000 0.1559 3.7795 4.4253 4.380 5.291 5.146 4.497 4.123 3.805 3.407 3.106 3.071 3.18585706 1
 0.030000 8.0000 1.25000000 1.2500 0.2436 3.7893 4.3946 4.161 4.980 4.872 4.264 3.910 3.608 3.235 2.955 2.922 3.19470429 1
 0.030000 8.0000 1.29999995 1.3000 0.3260 3.7988 4.3671 3.955 4.686 4.614 4.045 3.710 3.423 3.074 2.814 2.784 3.20280719 1
 0.030000 8.0000 1.35000002 1.3500 0.4065 3.8074 4.3375 3.754 4.425 4.370 3.835 3.517 3.244 2.917 2.674 2.645 3.21023273 1
 0.030000 8.0000 1.39999998 1.4000 0.4800 3.8162 4.3151 3.570 4.183 4.144 3.643 3.342 3.084 2.778 2.553 2.526 3.21705914 1
 0.030000 8.0000 1.45000005 1.4500 0.5499 3.8247 4.2943 3.395 3.953 3.929 3.460 3.176 2.932 2.646 2.438 2.413 3.22335362 1
 0.030000 8.0000 1.50000000 1.5000 0.6180 3.8333 4.2754 3.225 3.746 3.724 3.284 3.017 2.788 2.522 2.330 2.306 3.22917390 1
 0.030000 8.0000 1.54999995 1.5500 0.6823 3.8420 4.2600 3.064 3.548 3.528 3.118 2.868 2.654 2.407 2.232 2.209 3.23456979 1
 0.030000 8.0000 1.60000002 1.6000 0.7435 3.8513 4.2500 2.911 3.358 3.338 2.959 2.728 2.530 2.304 2.147 2.125 3.23958373 1
 0.030000 8.0000 1.64999998 1.6500 0.8028 3.8618 4.2460 2.763 3.182 3.156 2.807 2.598 2.419 2.215 2.076 2.056 3.24424219 1
 0.030000 8.0000 1.67499995 1.6750 0.8307 3.8674 4.2471 2.693 3.097 3.068 2.736 2.538 2.368 2.176 2.047 2.028 3.24644756 1
 0.030000 8.0000 1.70000005 1.7000 0.8589 3.8730 4.2476 2.623 3.011 2.979 2.663 2.476 2.317 2.137 2.018 1.999 3.24857616 1
 0.030000 8.0000 1.72500002 1.7250 0.8865 3.8784 4.2480 2.554 2.931 2.894 2.594 2.418 2.269 2.099 1.989 1.971 3.25063133 1
 0.030000 8.0000 1.75000000 1.7500 0.9134 3.8841 4.2498 2.486 2.855 2.812 2.528 2.363 2.224 2.065 1.964 1.947 3.25261688 1
 0.030000 8.0000 1.77499998 1.7750 0.9400 3.8893 4.2506 2.420 2.779 2.732 2.462 2.308 2.178 2.030 1.937 1.920 3.25453615 1
 0.030000 8.0000 1.79999995 1.8000 0.9660 3.8945 4.2511 2.355 2.705 2.653 2.398 2.254 2.134 1.995 1.910 1.894 3.25639176 1
 0.030000 8.0000 1.82500005 1.8250 0.9918 3.8995 4.2515 2.290 2.633 2.575 2.334 2.201 2.089 1.961 1.883 1.868 3.25818729 1
 0.030000 8.0000 1.83679140 1.8368 1.0039 3.9018 4.2514 2.260 2.599 2.541 2.306 2.177 2.069 1.945 1.870 1.855 3.25901413 1
 0.030000 8.0000 1.85000002 1.8500 1.0173 3.9044 4.2513 2.227 2.563 2.502 2.275 2.151 2.047 1.927 1.856 1.841 3.25992513 1
 0.030000 8.0000 1.87500000 1.8750 1.0419 3.9092 4.2518 2.165 2.495 2.431 2.219 2.104 2.008 1.896 1.831 1.816 3.26160812 1
 0.030000 8.0000 1.89999998 1.9000 1.0664 3.9138 4.2517 2.104 2.427 2.361 2.162 2.056 1.968 1.864 1.805 1.790 3.26323819 1
 0.030000 8.0000 1.92499995 1.9250 1.0906 3.9184 4.2514 2.044 2.361 2.292 2.107 2.010 1.929 1.832 1.779 1.765 3.26481819 1
 0.030000 8.0000 1.95000005 1.9500 1.1144 3.9227 4.2507 1.984 2.296 2.224 2.052 1.963 1.889 1.800 1.752 1.739 3.26635003 1
 0.030000 8.0000 2.00000000 2.0000 1.1609 3.9313 4.2492 1.868 2.169 2.101 1.952 1.877 1.815 1.739 1.699 1.687 3.26927757 1
 0.030000 8.0000 2.04999995 2.0500 1.2061 3.9395 4.2477 1.755 2.045 1.985 1.857 1.795 1.743 1.680 1.648 1.637 3.27203131 1
 0.030000 8.0000 2.09999990 2.1000 1.2501 3.9473 4.2453 1.645 1.925 1.872 1.765 1.714 1.672 1.621 1.596 1.586 3.27462268 1
 0.030000 8.0000 2.15000010 2.1500 1.2930 3.9548 4.2427 1.537 1.811 1.771 1.681 1.639 1.605 1.564 1.544 1.535 3.27706480 1
 0.030000 8.0000 2.20000005 2.2000 1.3349 3.9620 4.2396 1.433 1.701 1.678 1.602 1.567 1.540 1.508 1.493 1.486 3.27936959 1
 0.030000 8.0000 2.21524262 2.2152 1.3474 3.9641 4.2385 1.402 1.668 1.650 1.578 1.545 1.520 1.491 1.477 1.471 3.28004646 1
 0.030000 8.0000 2.25000000 2.2500 1.3756 3.9688 4.2359 1.331 1.594 1.586 1.524 1.496 1.476 1.452 1.442 1.436 3.28154731 1
 0.030000 8.0000 2.28877282 2.2888 1.4067 3.9740 4.2330 1.253 1.513 1.516 1.465 1.442 1.426 1.410 1.403 1.398 3.28315473 1
 0.030000 8.0000 2.29999995 2.3000 1.4156 3.9755 4.2322 1.231 1.490 1.497 1.449 1.427 1.412 1.398 1.391 1.387 3.28360772 1
 0.030000 8.0000 2.40000010 2.4000 1.4932 3.9881 4.2236 1.037 1.297 1.338 1.310 1.298 1.292 1.292 1.291 1.290 3.28741050 1
 0.030000 8.0000 2.53157568 2.5316 1.5906 4.0038 4.2119 0.794 1.056 1.141 1.138 1.135 1.139 1.157 1.163 1.166 3.29185057 1
 0.030000 8.0000 2.59999990 2.6000 1.6396 4.0115 4.2055 0.671 0.938 1.046 1.052 1.053 1.061 1.088 1.097 1.103 3.29393530 1
 0.030000 8.0000 2.79999995 2.8000 1.7766 4.0326 4.1849 0.329 0.607 0.782 0.813 0.822 0.841 0.891 0.907 0.919 3.29928207 1
 0.030000 8.0000 3.00000000 3.0000 1.9066 4.0514 4.1603 0.004 0.297 0.534 0.582 0.597 0.624 0.694 0.716 0.734 3.30372047 1
 0.030000 8.0000 3.03971291 3.0397 1.9315 4.0550 4.1551 -0.059 0.239 0.487 0.538 0.554 0.582 0.655 0.679 0.697 3.30451226 1
 0.030000 8.0000 3.20000005 3.2000 2.0304 4.0685 4.1329 -0.306 0.006 0.300 0.360 0.380 0.413 0.500 0.527 0.549 3.30745077 1
 0.030000 8.0000 3.27100420 3.2710 2.0728 4.0742 4.1229 -0.412 -0.094 0.219 0.284 0.304 0.340 0.433 0.461 0.485 3.30863094 1
 0.030000 8.0000 3.40000010 3.4000 2.1485 4.0841 4.1033 -0.601 -0.269 0.075 0.147 0.169 0.208 0.310 0.341 0.367 3.31060600 1
 0.030000 8.0000 3.49217105 3.4922 2.2013 4.0907 4.0885 -0.733 -0.391 -0.027 0.050 0.073 0.114 0.222 0.255 0.283 3.31189728 1
 0.030000 8.0000 3.59999990 3.6000 2.2623 4.0980 4.0700 -0.886 -0.533 -0.145 -0.064 -0.039 0.004 0.119 0.154 0.183 3.31329536 1
 0.030000 8.0000 3.62080002 3.6208 2.2739 4.0993 4.0663 -0.915 -0.560 -0.168 -0.086 -0.061 -0.017 0.099 0.135 0.164 3.31355214 1
 0.030000 8.0000 3.76237702 3.7624 2.3532 4.1079 4.0379 -1.113 -0.742 -0.325 -0.237 -0.210 -0.164 -0.040 -0.003 0.028 3.31519842 1
 0.030000 8.0000 3.79999995 3.8000 2.3742 4.1100 4.0297 -1.165 -0.790 -0.367 -0.278 -0.251 -0.203 -0.078 -0.041 -0.009 3.31560802 1
 0.030000 8.0000 3.83162951 3.8316 2.3916 4.1118 4.0228 -1.209 -0.831 -0.402 -0.312 -0.284 -0.237 -0.110 -0.072 -0.040 3.31594419 1
 0.030000 8.0000 3.95215583 3.9522 2.4578 4.1179 3.9945 -1.375 -0.984 -0.538 -0.444 -0.415 -0.366 -0.234 -0.195 -0.162 3.31715822 1
 0.030000 8.0000 4.00000000 4.0000 2.4840 4.1201 3.9825 -1.440 -1.046 -0.593 -0.497 -0.468 -0.418 -0.284 -0.244 -0.211 3.31761289 1
 0.030000 8.0000 4.08714676 4.0871 2.5311 4.1238 3.9596 -1.558 -1.157 -0.692 -0.595 -0.564 -0.513 -0.376 -0.336 -0.302 3.31840277 1
 0.030000 8.0000 4.18464899 4.1846 2.5838 4.1274 3.9316 -1.690 -1.282 -0.806 -0.706 -0.675 -0.623 -0.483 -0.442 -0.407 3.31923199 1
 0.030000 8.0000 4.19999981 4.2000 2.5922 4.1279 3.9269 -1.710 -1.302 -0.825 -0.724 -0.693 -0.641 -0.501 -0.460 -0.424 3.31935763 1
 0.030000 8.0000 4.27678442 4.2768 2.6343 4.1299 3.9004 -1.816 -1.404 -0.921 -0.819 -0.788 -0.735 -0.593 -0.551 -0.516 3.31996703 1
 0.030000 8.0000 4.35036707 4.3504 2.6748 4.1313 3.8731 -1.917 -1.504 -1.015 -0.912 -0.881 -0.828 -0.684 -0.643 -0.607 3.32052279 1
 0.030000 8.0000 4.40000010 4.4000 2.7022 4.1319 3.8530 -1.985 -1.572 -1.081 -0.978 -0.946 -0.893 -0.749 -0.707 -0.671 3.32088280 1
 0.030000 8.0000 4.45188475 4.4519 2.7305 4.1325 3.8320 -2.056 -1.643 -1.150 -1.045 -1.014 -0.960 -0.816 -0.774 -0.738 3.32124710 1
 0.030000 8.0000 4.54339361 4.5434 2.7807 4.1325 3.7906 -2.182 -1.772 -1.276 -1.171 -1.140 -1.087 -0.942 -0.900 -0.864 3.32186127 1
 0.030000 8.0000 4.59999990 4.6000 2.8126 4.1314 3.7598 -2.261 -1.857 -1.362 -1.257 -1.226 -1.173 -1.030 -0.988 -0.952 3.32222414 1
 0.030000 8.0000 4.60275269 4.6028 2.8141 4.1314 3.7583 -2.265 -1.861 -1.366 -1.261 -1.230 -1.178 -1.034 -0.992 -0.956 3.32224131 1
 0.030000 8.0000 4.67361498 4.6736 2.8539 4.1291 3.7160 -2.365 -1.970 -1.478 -1.374 -1.344 -1.292 -1.150 -1.109 -1.073 3.32267737 1
 0.030000 8.0000 4.75705767 4.7571 2.9010 4.1250 3.6605 -2.482 -2.102 -1.617 -1.514 -1.486 -1.436 -1.296 -1.257 -1.221 3.32316756 1
 0.030000 8.0000 4.80000019 4.8000 2.9256 4.1221 3.6278 -2.544 -2.174 -1.695 -1.593 -1.565 -1.516 -1.379 -1.340 -1.305 3.32341027 1
 0.030000 8.0000 4.84537411 4.8454 2.9522 4.1177 3.5881 -2.610 -2.254 -1.784 -1.683 -1.656 -1.609 -1.476 -1.438 -1.404 3.32366037 1
 0.030000 8.0000 4.90266848 4.9027 2.9858 4.1111 3.5330 -2.695 -2.358 -1.903 -1.804 -1.780 -1.735 -1.607 -1.570 -1.537 3.32396698 1
 0.030000 8.0000 4.95187998 4.9519 3.0150 4.1046 3.4822 -2.768 -2.451 -2.009 -1.913 -1.890 -1.848 -1.725 -1.691 -1.659 3.32422209 1
 0.030000 8.0000 4.99503374 4.9950 3.0419 4.0971 3.4290 -2.835 -2.540 -2.114 -2.021 -2.001 -1.961 -1.845 -1.812 -1.782 3.32444024 1
 0.030000 8.0000 5.00000000 5.0000 3.0452 4.0963 3.4229 -2.843 -2.550 -2.126 -2.034 -2.014 -1.975 -1.859 -1.826 -1.796 3.32446504 1
 0.030000 8.0000 5.04222870 5.0422 3.0748 4.0902 3.3725 -2.917 -2.640 -2.230 -2.141 -2.122 -2.086 -1.975 -1.944 -1.915 3.32467270 1
 0.030000 8.0000 5.05572081 5.0557 3.0860 4.0897 3.3605 -2.945 -2.670 -2.261 -2.171 -2.153 -2.117 -2.006 -1.976 -1.946 3.32473779 1
 0.030000 8.0000 5.07814217 5.0781 3.1158 4.0996 3.3724 -3.019 -2.724 -2.287 -2.193 -2.172 -2.132 -2.013 -1.980 -1.949 3.32484531 1
 0.030000 8.0000 5.08373642 5.0837 3.1314 4.1093 3.3960 -3.059 -2.738 -2.277 -2.178 -2.155 -2.112 -1.985 -1.950 -1.916 3.32487178 1
 0.030000 8.0000 5.08632898 5.0863 3.1462 4.1193 3.4215 -3.096 -2.748 -2.263 -2.160 -2.134 -2.088 -1.952 -1.914 -1.879 3.32488418 1
 0.030000 8.0000 5.08775568 5.0878 3.1622 4.1294 3.4459 -3.135 -2.760 -2.252 -2.144 -2.115 -2.065 -1.922 -1.882 -1.845 3.32489085 1
 0.030000 8.0000 5.08854723 5.0885 3.1796 4.1388 3.4662 -3.179 -2.777 -2.247 -2.134 -2.103 -2.050 -1.899 -1.857 -1.818 3.32489467 1
 0.030000 8.0000 5.08905554 5.0891 3.1990 4.1477 3.4823 -3.228 -2.800 -2.250 -2.133 -2.099 -2.043 -1.885 -1.841 -1.801 3.32489705 1
 0.030000 8.0000 5.08936357 5.0894 3.2081 4.1523 3.4917 -3.250 -2.808 -2.249 -2.129 -2.094 -2.037 -1.875 -1.830 -1.789 3.32489848 2
 0.030000 8.0000 5.08954096 5.0895 3.1888 4.1476 3.4924 -3.202 -2.773 -2.225 -2.108 -2.074 -2.018 -1.860 -1.816 -1.776 3.32489920 2
 0.030000 8.0000 5.08968830 5.0897 3.1654 4.1396 3.4838 -3.144 -2.738 -2.207 -2.094 -2.063 -2.009 -1.858 -1.815 -1.777 3.32489991 2
 0.030000 8.0000 5.08981895 5.0898 3.1493 4.1304 3.4630 -3.103 -2.724 -2.215 -2.106 -2.077 -2.027 -1.882 -1.842 -1.805 3.32490063 2
 0.030000 8.0000 5.08998156 5.0900 3.1438 4.1186 3.4215 -3.089 -2.744 -2.261 -2.158 -2.132 -2.086 -1.951 -1.913 -1.878 3.32490134 2
 0.030000 8.0000 5.09015465 5.0902 3.1518 4.1070 3.3668 -3.109 -2.797 -2.340 -2.242 -2.220 -2.178 -2.052 -2.018 -1.985 3.32490206 2
 0.030000 8.0000 5.09034348 5.0903 3.1648 4.0952 3.3066 -3.142 -2.861 -2.432 -2.339 -2.320 -2.283 -2.167 -2.135 -2.104 3.32490301 2
 0.030000 8.0000 5.09054422 5.0905 3.1761 4.0833 3.2478 -3.170 -2.917 -2.518 -2.431 -2.415 -2.382 -2.276 -2.248 -2.220 3.32490396 2
 0.030000 8.0000 5.09075308 5.0908 3.1839 4.0713 3.1922 -3.190 -2.962 -2.594 -2.513 -2.501 -2.472 -2.377 -2.353 -2.326 3.32490492 2
 0.030000 8.0000 5.09096670 5.0910 3.1887 4.0593 3.1392 -3.202 -2.995 -2.662 -2.587 -2.578 -2.554 -2.471 -2.449 -2.425 3.32490587 2
 0.030000 8.0000 5.09118319 5.0912 3.1915 4.0472 3.0882 -3.209 -3.022 -2.724 -2.655 -2.649 -2.630 -2.558 -2.540 -2.519 3.32490706 2
 0.030000 8.0000 5.09139967 5.0914 3.1925 4.0351 3.0388 -3.211 -3.039 -2.779 -2.716 -2.713 -2.699 -2.641 -2.627 -2.608 3.32490802 2
 0.030000 8.0000 5.09161425 5.0916 3.1921 4.0229 2.9905 -3.210 -3.052 -2.831 -2.773 -2.774 -2.765 -2.720 -2.711 -2.694 3.32490897 2
 0.030000 8.0000 5.09182501 5.0918 3.1906 4.0107 2.9433 -3.206 -3.057 -2.875 -2.826 -2.830 -2.827 -2.796 -2.791 -2.778 3.32490993 2
 0.030000 8.0000 5.09203005 5.0920 3.1880 3.9985 2.8969 -3.200 -3.059 -2.916 -2.875 -2.883 -2.887 -2.869 -2.869 -2.859 3.32491112 2
 0.030000 8.0000 5.09222937 5.0922 3.1846 3.9862 2.8513 -3.192 -3.052 -2.949 -2.920 -2.933 -2.942 -2.941 -2.946 -2.940 3.32491183 2
 0.030000 8.0000 5.09242058 5.0924 3.1804 3.9740 2.8064 -3.181 -3.041 -2.980 -2.961 -2.979 -2.996 -3.011 -3.021 -3.018 3.32491279 2
 0.030000 8.0000 5.09260416 5.0926 3.1754 3.9617 2.7622 -3.169 -3.020 -3.000 -2.996 -3.022 -3.046 -3.079 -3.095 -3.096 3.32491374 2
 0.030000 8.0000 5.09277964 5.0928 3.1698 3.9494 2.7186 -3.155 -2.996 -3.018 -3.030 -3.062 -3.095 -3.145 -3.167 -3.172 3.32491446 2
 0.030000 8.0000 5.09294653 5.0929 3.1637 3.9371 2.6755 -3.139 -2.953 -3.018 -3.052 -3.095 -3.139 -3.208 -3.238 -3.248 3.32491541 2
 0.030000 8.0000 5.09310532 5.0931 3.1570 3.9247 2.6329 -3.123 -2.909 -3.017 -3.072 -3.127 -3.182 -3.270 -3.309 -3.321 3.32491612 2
 0.030000 8.0000 5.09325552 5.0933 3.1499 3.9124 2.5906 -3.105 -2.848 -2.991 -3.077 -3.149 -3.220 -3.329 -3.379 -3.395 3.32491684 2
 0.030000 8.0000 5.09339762 5.0934 3.1423 3.9000 2.5488 -3.086 -2.785 -2.965 -3.082 -3.170 -3.256 -3.387 -3.448 -3.468 3.32491755 2
 0.030000 8.0000 5.09353161 5.0935 3.1344 3.8877 2.5074 -3.066 -2.714 -2.916 -3.072 -3.183 -3.287 -3.442 -3.519 -3.541 3.32491803 2
 0.030000 8.0000 5.09365892 5.0937 3.1261 3.8753 2.4662 -3.045 -2.642 -2.867 -3.061 -3.194 -3.317 -3.496 -3.588 -3.614 3.32491875 2
 0.030000 8.0000 5.09377956 5.0938 3.1175 3.8629 2.4253 -3.024 -2.563 -2.791 -3.039 -3.200 -3.345 -3.549 -3.659 -3.688 3.32491922 2
 0.030000 8.0000 5.09389305 5.0939 3.1086 3.8506 2.3846 -3.002 -2.482 -2.715 -3.016 -3.205 -3.372 -3.601 -3.730 -3.761 3.32491970 2
 0.030000 8.0000 5.09400082 5.0940 3.0995 3.8382 2.3442 -2.979 -2.390 -2.630 -2.985 -3.202 -3.393 -3.649 -3.799 -3.833 3.32492042 2
 0.030000 8.0000 5.09410286 5.0941 3.0902 3.8258 2.3040 -2.955 -2.296 -2.543 -2.952 -3.199 -3.413 -3.696 -3.869 -3.905 3.32492089 2
 0.030000 8.0000 5.09419918 5.0942 3.0806 3.8134 2.2639 -2.931 -2.184 -2.447 -2.912 -3.188 -3.425 -3.738 -3.936 -3.974 3.32492113 2
 0.030000 8.0000 5.09429073 5.0943 3.0709 3.8009 2.2240 -2.907 -2.069 -2.349 -2.872 -3.176 -3.438 -3.780 -4.002 -4.044 3.32492161 2
 0.030000 8.0000 5.09437752 5.0944 3.0609 3.7885 2.1841 -2.882 -1.926 -2.241 -2.825 -3.158 -3.443 -3.817 -4.067 -4.111 3.32492208 2
 0.030000 8.0000 5.09445953 5.0945 3.0508 3.7760 2.1443 -2.857 -1.781 -2.131 -2.777 -3.140 -3.448 -3.853 -4.130 -4.178 3.32492256 2
 0.030000 8.0000 5.09453773 5.0945 3.0406 3.7635 2.1047 -2.831 -1.602 -2.010 -2.722 -3.114 -3.445 -3.885 -4.191 -4.242 3.32492280 2
 0.030000 8.0000 5.09461212 5.0946 3.0301 3.7511 2.0652 -2.805 -1.420 -1.886 -2.666 -3.088 -3.442 -3.916 -4.252 -4.305 3.32492328 2
 0.030000 8.0000 5.09468412 5.0947 3.0194 3.7386 2.0261 -2.778 -1.206 -1.752 -2.602 -3.054 -3.430 -3.942 -4.308 -4.364 3.32492352 2
 0.030000 8.0000 5.09475565 5.0948 3.0078 3.7262 1.9882 -2.750 -0.988 -1.616 -2.536 -3.018 -3.415 -3.965 -4.361 -4.420 3.32492375 2
 0.030000 8.0000 5.09483194 5.0948 2.9946 3.7140 1.9526 -2.716 -0.741 -1.467 -2.458 -2.969 -3.387 -3.979 -4.407 -4.470 3.32492423 2
 0.030000 8.0000 5.09491682 5.0949 2.9787 3.7024 1.9219 -2.677 -0.493 -1.316 -2.373 -2.913 -3.352 -3.984 -4.441 -4.509 3.32492471 2
 0.030000 8.0000 5.09504509 5.0950 2.9529 3.6911 1.9026 -2.612 -0.212 -1.137 -2.255 -2.822 -3.283 -3.957 -4.447 -4.520 3.32492518 2
 0.030000 8.0000 5.09517050 5.0952 2.9261 3.6823 1.8942 -2.545 0.027 -0.980 -2.144 -2.733 -3.211 -3.919 -4.434 -4.513 3.32492590 2
 0.030000 8.0000 5.09531116 5.0953 2.8976 3.6732 1.8865 -2.474 0.276 -0.815 -2.025 -2.636 -3.133 -3.877 -4.419 -4.503 3.32492638 2
 0.030000 8.0000 5.09545994 5.0955 2.8787 3.6643 1.8697 -2.427 0.507 -0.668 -1.919 -2.555 -3.074 -3.853 -4.426 -4.516 3.32492709 2
 0.030000 8.0000 5.09551382 5.0955 2.8751 3.6611 1.8604 -2.418 0.583 -0.623 -1.889 -2.534 -3.061 -3.853 -4.436 -4.528 3.32492733 3
 0.030000 8.0000 5.09565735 5.0957 2.8890 3.6526 1.8124 -2.453 0.733 -0.561 -1.869 -2.536 -3.084 -3.911 -4.523 -4.620 3.32492805 3
 0.030000 8.0000 5.09578514 5.0958 2.9225 3.6449 1.7483 -2.536 0.833 -0.547 -1.892 -2.584 -3.154 -4.014 -4.652 -4.754 3.32492876 3
 0.030000 8.0000 5.09588861 5.0959 2.9628 3.6386 1.6831 -2.637 0.891 -0.563 -1.940 -2.652 -3.243 -4.129 -4.789 -4.897 3.32492924 3
 0.030000 8.0000 5.09597731 5.0960 3.0010 3.6338 1.6254 -2.732 0.923 -0.591 -1.995 -2.723 -3.329 -4.236 -4.913 -5.024 3.32492971 3
 0.030000 8.0000 5.09607029 5.0961 3.0385 3.6295 1.5706 -2.826 0.945 -0.625 -2.053 -2.795 -3.414 -4.340 -5.031 -5.147 3.32492995 3
 0.030000 8.0000 5.09620523 5.0962 3.0817 3.6248 1.5087 -2.934 0.966 -0.667 -2.122 -2.879 -3.513 -4.459 -5.166 -5.286 3.32493067 3
 0.030000 8.0000 5.09625912 5.0963 3.0958 3.6232 1.4884 -2.970 0.975 -0.677 -2.139 -2.902 -3.544 -4.498 -5.210 -5.331 3.32493091 3
 0.030000 8.0000 5.09640694 5.0964 3.1241 3.6203 1.4482 -3.040 0.992 -0.698 -2.176 -2.951 -3.607 -4.576 -5.297 -5.421 3.32493162 3
 0.030000 8.0000 5.09643650 5.0964 3.1290 3.6197 1.4410 -3.053 0.996 -0.700 -2.182 -2.959 -3.618 -4.589 -5.313 -5.437 3.32493186 3
 0.030000 8.0000 5.09670448 5.0967 3.1629 3.6162 1.3932 -3.137 1.016 -0.726 -2.226 -3.018 -3.693 -4.682 -5.416 -5.545 3.32493305 3
 0.030000 8.0000 5.09706163 5.0971 3.2021 3.6121 1.3377 -3.235 1.040 -0.755 -2.278 -3.086 -3.781 -4.789 -5.537 -5.669 3.32493472 3
 0.030000 8.0000 5.09744835 5.0974 3.2422 3.6081 1.2815 -3.336 1.062 -0.787 -2.334 -3.158 -3.870 -4.898 -5.659 -5.795 3.32493663 3
 0.030000 8.0000 5.09781981 5.0978 3.2800 3.6046 1.2297 -3.430 1.078 -0.821 -2.388 -3.226 -3.955 -5.000 -5.772 -5.913 3.32493830 3
 0.030000 8.0000 5.09819174 5.0982 3.3176 3.6012 1.1787 -3.524 1.090 -0.857 -2.445 -3.296 -4.040 -5.101 -5.885 -6.029 3.32493997 3
 0.030000 8.0000 5.09860039 5.0986 3.3588 3.5976 1.1231 -3.627 1.080 -0.891 -2.495 -3.363 -4.130 -5.212 -6.007 -6.155 3.32494187 3
 0.030000 8.0000 5.09904623 5.0990 3.4038 3.5936 1.0621 -3.739 1.058 -0.923 -2.542 -3.428 -4.225 -5.334 -6.142 -6.293 3.32494402 3
 0.030000 8.0000 5.09952259 5.0995 3.4519 3.5893 0.9968 -3.860 1.033 -0.958 -2.592 -3.499 -4.326 -5.463 -6.286 -6.442 3.32494640 3
 0.030000 8.0000 5.09998655 5.1000 3.4930 3.5856 0.9411 -3.962 1.013 -0.988 -2.634 -3.559 -4.413 -5.574 -6.408 -6.568 3.32494855 3
 0.030000 8.0000 5.10137796 5.1014 3.5302 3.5822 0.8902 -4.056 0.996 -1.013 -2.671 -3.613 -4.491 -5.674 -6.520 -6.683 3.32495499 4
 0.030000 8.0000 5.10240221 5.1024 3.5244 3.5828 0.8987 -4.041 0.997 -1.011 -2.667 -3.605 -4.479 -5.658 -6.502 -6.665 3.32495975 4
 0.030000 8.0000 5.10682487 5.1068 3.4818 3.5872 0.9594 -3.934 1.008 -0.991 -2.633 -3.550 -4.392 -5.542 -6.371 -6.529 3.32498050 4
 0.030000 8.0000 5.10938072 5.1094 3.4452 3.5909 1.0106 -3.843 1.020 -0.972 -2.601 -3.500 -4.317 -5.443 -6.260 -6.415 3.32499242 4
 0.030000 8.0000 5.11165810 5.1117 3.4057 3.5947 1.0656 -3.744 1.035 -0.949 -2.565 -3.446 -4.235 -5.336 -6.140 -6.291 3.32500315 4
 0.030000 8.0000 5.11360788 5.1136 3.3683 3.5983 1.1177 -3.651 1.048 -0.927 -2.531 -3.395 -4.157 -5.235 -6.027 -6.174 3.32501221 4
 0.030000 8.0000 5.11551285 5.1155 3.3295 3.6020 1.1714 -3.554 1.044 -0.899 -2.484 -3.333 -4.073 -5.130 -5.910 -6.053 3.32502103 4
 0.030000 8.0000 5.11774492 5.1177 3.2840 3.6064 1.2345 -3.440 1.022 -0.860 -2.419 -3.250 -3.970 -5.006 -5.772 -5.911 3.32503152 4
 0.030000 8.0000 5.11972141 5.1197 3.2463 3.6100 1.2869 -3.346 1.003 -0.828 -2.366 -3.182 -3.886 -4.904 -5.658 -5.793 3.32504058 4
 0.030000 8.0000 5.12187099 5.1219 3.2095 3.6136 1.3383 -3.254 0.986 -0.797 -2.314 -3.116 -3.803 -4.804 -5.547 -5.678 3.32505059 4
 0.030000 8.0000 5.12437010 5.1244 3.1730 3.6173 1.3897 -3.163 0.966 -0.768 -2.265 -3.052 -3.722 -4.705 -5.435 -5.563 3.32506227 4
 0.030000 8.0000 5.12743187 5.1274 3.1375 3.6210 1.4405 -3.074 0.944 -0.742 -2.218 -2.991 -3.642 -4.608 -5.326 -5.449 3.32507634 4
 0.030000 8.0000 5.13204575 5.1320 3.0980 3.6256 1.4987 -2.975 0.910 -0.719 -2.170 -2.925 -3.555 -4.498 -5.202 -5.321 3.32509780 4
 0.030000 8.0000 5.13915300 5.1392 3.0631 3.6308 1.5551 -2.888 0.859 -0.703 -2.126 -2.864 -3.478 -4.399 -5.084 -5.199 3.32513046 4
 0.030000 8.0000 5.15078926 5.1508 3.0433 3.6373 1.6017 -2.838 0.747 -0.740 -2.132 -2.848 -3.442 -4.335 -4.997 -5.106 3.32518363 5
 0.030000 8.0000 5.15620661 5.1562 3.0477 3.6402 1.6095 -2.849 0.668 -0.789 -2.168 -2.874 -3.459 -4.339 -4.991 -5.098 3.32520843 5
 0.030000 8.0000 5.19693661 5.1969 3.0952 3.6440 1.5804 -2.968 0.476 -0.954 -2.319 -3.014 -3.586 -4.450 -5.087 -5.191 3.32539153 5
 0.030000 8.0000 5.19999981 5.2000 3.0982 3.6440 1.5776 -2.976 0.469 -0.961 -2.327 -3.021 -3.593 -4.458 -5.094 -5.199 3.32540512 5
 0.030000 8.0000 5.23707533 5.2371 3.1346 3.6438 1.5437 -3.066 0.393 -1.047 -2.417 -3.112 -3.684 -4.549 -5.186 -5.290 3.32556796 6
 0.030000 8.0000 5.25295353 5.2530 3.1427 3.6417 1.5285 -3.087 0.424 -1.040 -2.420 -3.121 -3.700 -4.575 -5.218 -5.324 3.32563663 6
 0.030000 8.0000 5.29924536 5.2992 3.1655 3.6303 1.4638 -3.144 0.650 -0.944 -2.380 -3.119 -3.734 -4.658 -5.342 -5.458 3.32583332 6
 0.030000 8.0000 5.31142044 5.3114 3.1894 3.6244 1.4173 -3.203 0.744 -0.922 -2.388 -3.146 -3.781 -4.731 -5.436 -5.556 3.32588434 7
 0.030000 8.0000 5.31327868 5.3133 3.2042 3.6220 1.3932 -3.240 0.774 -0.920 -2.398 -3.166 -3.812 -4.773 -5.486 -5.609 3.32589221 7
 0.030000 8.0000 5.31612253 5.3161 3.2466 3.6163 1.3281 -3.346 0.833 -0.930 -2.438 -3.229 -3.903 -4.892 -5.624 -5.752 3.32590389 7
 0.030000 8.0000 5.31705189 5.3171 3.3025 3.6099 1.2468 -3.486 0.884 -0.963 -2.506 -3.323 -4.026 -5.045 -5.798 -5.934 3.32590771 7
 0.030000 8.0000 5.31731939 5.3173 3.3266 3.6075 1.2129 -3.547 0.898 -0.981 -2.539 -3.366 -4.080 -5.111 -5.872 -6.010 3.32590890 7
 0.030000 8.0000 5.31766605 5.3177 3.3191 3.6084 1.2241 -3.528 0.890 -0.978 -2.530 -3.353 -4.064 -5.090 -5.848 -5.985 3.32591033 7
 0.030000 8.0000 5.31797838 5.3180 3.2997 3.6103 1.2512 -3.479 0.879 -0.962 -2.504 -3.319 -4.020 -5.038 -5.789 -5.924 3.32591176 7
 0.030000 8.0000 5.31901264 5.3190 3.3332 3.6064 1.2023 -3.563 0.912 -0.980 -2.544 -3.374 -4.094 -5.130 -5.894 -6.033 3.32591605 7
 0.030000 8.0000 5.31948614 5.3195 3.3714 3.6025 1.1484 -3.659 0.938 -1.009 -2.595 -3.442 -4.179 -5.234 -6.011 -6.154 3.32591796 7
 0.030000 8.0000 5.31999207 5.3200 3.4065 3.5990 1.0995 -3.746 0.950 -1.035 -2.639 -3.501 -4.256 -5.329 -6.118 -6.264 3.32592010 7
 0.030000 8.0000 5.32061434 5.3206 3.4425 3.5955 1.0493 -3.836 0.939 -1.054 -2.670 -3.548 -4.330 -5.427 -6.227 -6.378 3.32592249 7
 0.030000 8.0000 5.32136631 5.3214 3.4797 3.5918 0.9976 -3.929 0.926 -1.074 -2.704 -3.599 -4.407 -5.528 -6.340 -6.494 3.32592583 7
 0.030000 8.0000 5.32223034 5.3222 3.5178 3.5881 0.9447 -4.025 0.913 -1.096 -2.738 -3.651 -4.486 -5.631 -6.456 -6.613 3.32592940 7
 0.030000 8.0000 5.32319641 5.3232 3.5567 3.5843 0.8906 -4.122 0.899 -1.117 -2.773 -3.704 -4.566 -5.736 -6.574 -6.736 3.32593322 7
 0.030000 8.0000 5.32422304 5.3242 3.5961 3.5803 0.8355 -4.220 0.884 -1.139 -2.807 -3.758 -4.648 -5.843 -6.694 -6.860 3.32593751 7
 0.030000 8.0000 5.32522440 5.3252 3.6357 3.5763 0.7800 -4.319 0.870 -1.159 -2.842 -3.811 -4.729 -5.950 -6.816 -6.985 3.32594180 7
 0.030000 8.0000 5.32613373 5.3261 3.6757 3.5722 0.7235 -4.419 0.827 -1.143 -2.828 -3.831 -4.792 -6.061 -6.941 -7.113 3.32594538 7
 0.030000 8.0000 5.32692766 5.3269 3.7156 3.5681 0.6673 -4.519 0.766 -1.109 -2.791 -3.833 -4.846 -6.172 -7.067 -7.241 3.32594872 7
 0.030000 8.0000 5.32762861 5.3276 3.7548 3.5640 0.6117 -4.617 0.699 -1.077 -2.752 -3.834 -4.898 -6.282 -7.192 -7.367 3.32595158 7
 0.030000 8.0000 5.32827139 5.3283 3.7935 3.5598 0.5564 -4.714 0.625 -1.042 -2.708 -3.830 -4.949 -6.391 -7.316 -7.493 3.32595420 7
 0.030000 8.0000 5.32887459 5.3289 3.8321 3.5556 0.5008 -4.810 0.544 -1.006 -2.661 -3.823 -4.998 -6.499 -7.442 -7.620 3.32595682 7
 0.030000 8.0000 5.32943964 5.3294 3.8706 3.5513 0.4452 -4.906 0.456 -0.969 -2.611 -3.814 -5.046 -6.608 -7.567 -7.747 3.32595921 7
 0.030000 8.0000 5.32997179 5.3300 3.9082 3.5470 0.3906 -5.001 0.450 -0.881 -2.511 -3.767 -5.068 -6.714 -7.684 -7.869 3.32596135 7
 0.030000 8.0000 5.33049154 5.3305 3.9433 3.5431 0.3398 -5.088 0.479 -0.778 -2.399 -3.710 -5.078 -6.813 -7.791 -7.980 3.32596350 7
 0.030000 8.0000 5.33112717 5.3311 3.9842 3.5392 0.2833 -5.190 0.490 -0.693 -2.304 -3.668 -5.105 -6.926 -7.912 -8.106 3.32596612 7
 0.030000 8.0000 5.33152866 5.3315 4.0250 3.5356 0.2283 -5.292 0.491 -0.624 -2.226 -3.639 -5.137 -7.038 -8.031 -8.230 3.32596779 7
 0.030000 8.0000 5.33160782 5.3316 4.0351 3.5345 0.2139 -5.318 0.497 -0.598 -2.198 -3.625 -5.142 -7.067 -8.062 -8.262 3.32596803 8
