   0.030000   8.0000   0.10000000   0.1000   -2.5579   3.5015   4.9477   11.165   16.625   15.092   13.461   12.238   10.722   9.329   8.787   8.512   1.57040203   0
   0.030000   8.0000   0.10051851   0.1005   -2.5544   3.5017   4.9476   11.156   16.610   15.078   13.448   12.226   10.712   9.321   8.779   8.504   1.57545948   0
   0.030000   8.0000   0.10880093   0.1088   -2.4987   3.5068   4.9465   11.017   16.357   14.849   13.237   12.036   10.557   9.193   8.647   8.377   1.65270770   0
   0.030000   8.0000   0.12000000   0.1200   -2.4271   3.5142   4.9470   10.838   16.011   14.539   12.951   11.783   10.354   9.030   8.479   8.215   1.74782515   0
   0.030000   8.0000   0.12234905   0.1223   -2.4144   3.5153   4.9473   10.806   15.954   14.487   12.903   11.739   10.318   9.001   8.450   8.186   1.76658571   0
   0.030000   8.0000   0.13841784   0.1384   -2.3273   3.5231   4.9450   10.588   15.560   14.130   12.573   11.443   10.075   8.800   8.244   7.987   1.88505542   0
   0.030000   8.0000   0.14000000   0.1400   -2.3195   3.5239   4.9452   10.569   15.523   14.096   12.542   11.415   10.053   8.782   8.225   7.969   1.89584959   0
   0.030000   8.0000   0.14187622   0.1419   -2.3105   3.5247   4.9451   10.546   15.483   14.061   12.509   11.385   10.028   8.761   8.204   7.949   1.90846705   0
   0.030000   8.0000   0.16000000   0.1600   -2.2265   3.5317   4.9416   10.336   15.142   13.742   12.208   11.110   9.803   8.570   8.005   7.754   2.02115250   0
   0.030000   8.0000   0.19688545   0.1969   -2.0829   3.5430   4.9331   9.977   14.577   13.212   11.706   10.647   9.420   8.240   7.664   7.419   2.20807147   0
   0.030000   8.0000   0.20000000   0.2000   -2.0720   3.5439   4.9326   9.950   14.533   13.172   11.668   10.611   9.391   8.215   7.638   7.394   2.22178221   0
   0.030000   8.0000   0.21665609   0.2167   -2.0181   3.5479   4.9294   9.815   14.325   12.976   11.482   10.440   9.247   8.091   7.509   7.268   2.29042673   0
   0.030000   8.0000   0.25000000   0.2500   -1.9184   3.5551   4.9206   9.566   13.926   12.628   11.174   10.149   8.987   7.849   7.261   7.032   2.40809011   0
   0.030000   8.0000   0.27864018   0.2786   -1.8455   3.5602   4.9155   9.384   13.631   12.378   10.960   9.945   8.799   7.669   7.076   6.859   2.49254298   0
   0.030000   8.0000   0.30000001   0.3000   -1.7955   3.5638   4.9118   9.259   13.429   12.208   10.814   9.806   8.670   7.545   6.950   6.740   2.54750419   0
   0.030000   8.0000   0.30354801   0.3035   -1.7875   3.5643   4.9112   9.239   13.397   12.181   10.791   9.784   8.649   7.526   6.929   6.721   2.55606818   0
   0.030000   8.0000   0.33712289   0.3371   -1.7142   3.5693   4.9034   9.056   13.106   11.935   10.581   9.582   8.460   7.344   6.743   6.546   2.63015056   0
   0.030000   8.0000   0.34999999   0.3500   -1.6873   3.5711   4.8998   8.988   13.001   11.846   10.505   9.509   8.392   7.277   6.675   6.481   2.65552020   0
   0.030000   8.0000   0.40000001   0.4000   -1.5843   3.5782   4.8831   8.731   12.610   11.496   10.189   9.211   8.129   7.031   6.417   6.238   2.74133730   0
   0.030000   8.0000   0.44211358   0.4421   -1.4932   3.5841   4.8593   8.503   12.287   11.181   9.887   8.930   7.900   6.826   6.192   6.025   2.80089784   0
   0.030000   8.0000   0.44999999   0.4500   -1.4766   3.5852   4.8545   8.462   12.229   11.123   9.831   8.879   7.859   6.788   6.151   5.986   2.81098008   0
   0.030000   8.0000   0.50000000   0.5000   -1.3694   3.5930   4.8242   8.193   11.835   10.734   9.456   8.534   7.589   6.553   5.886   5.739   2.86847806   0
   0.030000   8.0000   0.55000001   0.5500   -1.2576   3.6019   4.7897   7.914   11.420   10.317   9.052   8.167   7.308   6.311   5.615   5.485   2.91663504   0
   0.030000   8.0000   0.60000002   0.6000   -1.1321   3.6148   4.7533   7.600   10.973   9.860   8.608   7.763   6.993   6.042   5.338   5.220   2.95739889   0
   0.030000   8.0000   0.64999998   0.6500   -1.0184   3.6271   4.7237   7.316   10.548   9.434   8.200   7.393   6.704   5.799   5.095   4.987   2.99236870   0
   0.030000   8.0000   0.69999999   0.7000   -0.9129   3.6387   4.6970   7.052   10.112   9.034   7.835   7.066   6.432   5.569   4.886   4.788   3.02253795   0
   0.030000   8.0000   0.75000000   0.7500   -0.7917   3.6542   4.6676   6.749   9.567   8.552   7.402   6.685   6.116   5.310   4.664   4.576   3.04879928   0
   0.030000   8.0000   0.78749740   0.7875   -0.7088   3.6656   4.6516   6.542   9.164   8.219   7.110   6.433   5.898   5.136   4.525   4.444   3.06636882   0
   0.030000   8.0000   0.80000001   0.8000   -0.6789   3.6698   4.6451   6.467   9.018   8.098   7.005   6.342   5.820   5.073   4.475   4.396   3.07187057   0
   0.030000   8.0000   0.85000002   0.8500   -0.5612   3.6866   4.6212   6.173   8.431   7.634   6.604   5.997   5.517   4.831   4.287   4.217   3.09222293   0
   0.030000   8.0000   0.85887289   0.8589   -0.5412   3.6894   4.6169   6.123   8.332   7.558   6.538   5.940   5.467   4.790   4.255   4.186   3.09558105   1
   0.030000   8.0000   0.89999998   0.9000   -0.4496   3.7029   4.5996   5.894   7.873   7.204   6.235   5.680   5.235   4.606   4.112   4.050   3.11026096   1
   0.030000   8.0000   0.92551547   0.9255   -0.3922   3.7107   4.5854   5.751   7.605   6.998   6.059   5.525   5.095   4.490   4.020   3.960   3.11869717   1
   0.030000   8.0000   0.94999999   0.9500   -0.3409   3.7179   4.5741   5.622   7.362   6.811   5.901   5.386   4.969   4.388   3.938   3.882   3.12635612   1
   0.030000   8.0000   1.00000000   1.0000   -0.2352   3.7320   4.5471   5.358   6.883   6.440   5.586   5.108   4.715   4.179   3.766   3.715   3.14080405   1
   0.030000   8.0000   1.01779854   1.0178   -0.1974   3.7368   4.5364   5.264   6.718   6.311   5.478   5.010   4.625   4.104   3.704   3.655   3.14559150   1
   0.030000   8.0000   1.04999995   1.0500   -0.1323   3.7452   4.5184   5.101   6.433   6.088   5.291   4.843   4.471   3.976   3.597   3.550   3.15380883   1
   0.030000   8.0000   1.10000002   1.1000   -0.0330   3.7575   4.4883   4.853   6.024   5.758   5.014   4.592   4.240   3.780   3.430   3.388   3.16554141   1
   0.030000   8.0000   1.14999998   1.1500   0.0632   3.7689   4.4570   4.612   5.644   5.445   4.750   4.353   4.019   3.590   3.266   3.228   3.17617631   1
   0.030000   8.0000   1.20000005   1.2000   0.1559   3.7795   4.4253   4.380   5.295   5.149   4.500   4.125   3.807   3.407   3.107   3.071   3.18585706   1
   0.030000   8.0000   1.25000000   1.2500   0.2436   3.7893   4.3946   4.161   4.984   4.875   4.267   3.912   3.609   3.235   2.955   2.922   3.19470429   1
   0.030000   8.0000   1.29999995   1.3000   0.3260   3.7988   4.3671   3.955   4.690   4.617   4.048   3.712   3.425   3.075   2.815   2.784   3.20280719   1
   0.030000   8.0000   1.35000002   1.3500   0.4065   3.8074   4.3375   3.754   4.429   4.373   3.838   3.519   3.246   2.917   2.674   2.645   3.21023273   1
   0.030000   8.0000   1.39999998   1.4000   0.4800   3.8162   4.3151   3.570   4.187   4.147   3.646   3.344   3.086   2.778   2.553   2.526   3.21705914   1
   0.030000   8.0000   1.45000005   1.4500   0.5499   3.8247   4.2943   3.395   3.957   3.932   3.463   3.178   2.934   2.647   2.438   2.413   3.22335362   1
   0.030000   8.0000   1.50000000   1.5000   0.6180   3.8333   4.2754   3.225   3.750   3.727   3.287   3.020   2.790   2.522   2.330   2.306   3.22917390   1
   0.030000   8.0000   1.54999995   1.5500   0.6823   3.8420   4.2600   3.064   3.552   3.531   3.120   2.870   2.656   2.408   2.232   2.210   3.23456979   1
   0.030000   8.0000   1.60000002   1.6000   0.7435   3.8513   4.2500   2.911   3.362   3.342   2.962   2.731   2.532   2.305   2.147   2.126   3.23958373   1
   0.030000   8.0000   1.64999998   1.6500   0.8028   3.8618   4.2460   2.763   3.186   3.159   2.810   2.600   2.420   2.215   2.076   2.056   3.24424219   1
   0.030000   8.0000   1.67499995   1.6750   0.8307   3.8674   4.2471   2.693   3.101   3.071   2.738   2.540   2.370   2.177   2.048   2.028   3.24644756   1
   0.030000   8.0000   1.70000005   1.7000   0.8589   3.8730   4.2476   2.623   3.015   2.982   2.666   2.478   2.319   2.138   2.018   2.000   3.24857616   1
   0.030000   8.0000   1.72500002   1.7250   0.8865   3.8784   4.2480   2.554   2.935   2.897   2.597   2.420   2.270   2.100   1.989   1.971   3.25063133   1
   0.030000   8.0000   1.75000000   1.7500   0.9134   3.8841   4.2498   2.486   2.858   2.816   2.530   2.365   2.225   2.066   1.964   1.947   3.25261688   1
   0.030000   8.0000   1.77499998   1.7750   0.9400   3.8893   4.2506   2.420   2.783   2.735   2.465   2.310   2.180   2.031   1.937   1.920   3.25453615   1
   0.030000   8.0000   1.79999995   1.8000   0.9660   3.8945   4.2511   2.355   2.709   2.656   2.401   2.256   2.135   1.996   1.910   1.894   3.25639176   1
   0.030000   8.0000   1.82500005   1.8250   0.9918   3.8995   4.2515   2.290   2.636   2.579   2.337   2.203   2.091   1.962   1.884   1.868   3.25818729   1
   0.030000   8.0000   1.83679140   1.8368   1.0039   3.9018   4.2514   2.260   2.603   2.544   2.309   2.179   2.071   1.946   1.871   1.855   3.25901413   1
   0.030000   8.0000   1.85000002   1.8500   1.0173   3.9044   4.2513   2.227   2.566   2.505   2.278   2.153   2.049   1.928   1.856   1.841   3.25992513   1
   0.030000   8.0000   1.87500000   1.8750   1.0419   3.9092   4.2518   2.165   2.498   2.435   2.221   2.106   2.010   1.897   1.831   1.816   3.26160812   1
   0.030000   8.0000   1.89999998   1.9000   1.0664   3.9138   4.2517   2.104   2.431   2.364   2.165   2.058   1.970   1.865   1.805   1.791   3.26323819   1
   0.030000   8.0000   1.92499995   1.9250   1.0906   3.9184   4.2514   2.044   2.365   2.295   2.109   2.012   1.930   1.833   1.779   1.765   3.26481819   1
   0.030000   8.0000   1.95000005   1.9500   1.1144   3.9227   4.2507   1.984   2.300   2.227   2.054   1.965   1.891   1.801   1.753   1.739   3.26635003   1
   0.030000   8.0000   2.00000000   2.0000   1.1609   3.9313   4.2492   1.868   2.173   2.104   1.954   1.879   1.816   1.740   1.700   1.687   3.26927757   1
   0.030000   8.0000   2.04999995   2.0500   1.2061   3.9395   4.2477   1.755   2.049   1.988   1.860   1.797   1.745   1.681   1.648   1.637   3.27203131   1
   0.030000   8.0000   2.09999990   2.1000   1.2501   3.9473   4.2453   1.645   1.929   1.876   1.768   1.716   1.674   1.622   1.596   1.586   3.27462268   1
   0.030000   8.0000   2.15000010   2.1500   1.2930   3.9548   4.2427   1.537   1.815   1.775   1.683   1.641   1.607   1.564   1.545   1.536   3.27706480   1
   0.030000   8.0000   2.20000005   2.2000   1.3349   3.9620   4.2396   1.433   1.705   1.681   1.604   1.569   1.542   1.509   1.494   1.486   3.27936959   1
   0.030000   8.0000   2.21524262   2.2152   1.3474   3.9641   4.2385   1.402   1.672   1.653   1.581   1.547   1.522   1.492   1.478   1.471   3.28004646   1
   0.030000   8.0000   2.25000000   2.2500   1.3756   3.9688   4.2359   1.331   1.598   1.589   1.527   1.498   1.477   1.453   1.442   1.436   3.28154731   1
   0.030000   8.0000   2.28877282   2.2888   1.4067   3.9740   4.2330   1.253   1.517   1.520   1.468   1.444   1.428   1.411   1.403   1.398   3.28315473   1
   0.030000   8.0000   2.29999995   2.3000   1.4156   3.9755   4.2322   1.231   1.494   1.500   1.451   1.429   1.414   1.398   1.392   1.387   3.28360772   1
   0.030000   8.0000   2.40000010   2.4000   1.4932   3.9881   4.2236   1.037   1.301   1.341   1.313   1.300   1.293   1.292   1.291   1.290   3.28741050   1
   0.030000   8.0000   2.53157568   2.5316   1.5906   4.0038   4.2119   0.794   1.060   1.144   1.140   1.137   1.140   1.158   1.163   1.167   3.29185057   1
   0.030000   8.0000   2.59999990   2.6000   1.6396   4.0115   4.2055   0.671   0.942   1.049   1.055   1.055   1.063   1.089   1.097   1.103   3.29393530   1
   0.030000   8.0000   2.79999995   2.8000   1.7766   4.0326   4.1849   0.329   0.611   0.786   0.815   0.824   0.842   0.891   0.907   0.919   3.29928207   1
   0.030000   8.0000   3.00000000   3.0000   1.9066   4.0514   4.1603   0.004   0.301   0.537   0.584   0.599   0.626   0.695   0.717   0.734   3.30372047   1
   0.030000   8.0000   3.03971291   3.0397   1.9315   4.0550   4.1551   -0.059   0.243   0.490   0.540   0.556   0.584   0.656   0.679   0.698   3.30451226   1
   0.030000   8.0000   3.20000005   3.2000   2.0304   4.0685   4.1329   -0.306   0.010   0.303   0.363   0.382   0.415   0.501   0.527   0.550   3.30745077   1
   0.030000   8.0000   3.27100420   3.2710   2.0728   4.0742   4.1229   -0.412   -0.090   0.222   0.286   0.306   0.341   0.433   0.461   0.485   3.30863094   1
   0.030000   8.0000   3.40000010   3.4000   2.1485   4.0841   4.1033   -0.601   -0.265   0.078   0.149   0.171   0.209   0.311   0.341   0.367   3.31060600   1
   0.030000   8.0000   3.49217105   3.4922   2.2013   4.0907   4.0885   -0.733   -0.387   -0.023   0.052   0.075   0.116   0.223   0.256   0.283   3.31189728   1
   0.030000   8.0000   3.59999990   3.6000   2.2623   4.0980   4.0700   -0.886   -0.529   -0.142   -0.062   -0.037   0.006   0.120   0.155   0.183   3.31329536   1
   0.030000   8.0000   3.62080002   3.6208   2.2739   4.0993   4.0663   -0.915   -0.556   -0.165   -0.083   -0.059   -0.015   0.100   0.135   0.164   3.31355214   1
   0.030000   8.0000   3.76237702   3.7624   2.3532   4.1079   4.0379   -1.113   -0.738   -0.321   -0.235   -0.208   -0.162   -0.039   -0.003   0.028   3.31519842   1
   0.030000   8.0000   3.79999995   3.8000   2.3742   4.1100   4.0297   -1.165   -0.786   -0.364   -0.276   -0.249   -0.202   -0.078   -0.040   -0.009   3.31560802   1
   0.030000   8.0000   3.83162951   3.8316   2.3916   4.1118   4.0228   -1.209   -0.827   -0.399   -0.310   -0.282   -0.235   -0.109   -0.072   -0.040   3.31594419   1
   0.030000   8.0000   3.95215583   3.9522   2.4578   4.1179   3.9945   -1.375   -0.980   -0.535   -0.442   -0.413   -0.364   -0.233   -0.194   -0.161   3.31715822   1
   0.030000   8.0000   4.00000000   4.0000   2.4840   4.1201   3.9825   -1.440   -1.042   -0.589   -0.495   -0.466   -0.416   -0.283   -0.244   -0.210   3.31761289   1
   0.030000   8.0000   4.08714676   4.0871   2.5311   4.1238   3.9596   -1.558   -1.153   -0.689   -0.592   -0.562   -0.512   -0.376   -0.335   -0.301   3.31840277   1
   0.030000   8.0000   4.18464899   4.1846   2.5838   4.1274   3.9316   -1.690   -1.278   -0.803   -0.704   -0.673   -0.622   -0.483   -0.442   -0.407   3.31923199   1
   0.030000   8.0000   4.19999981   4.2000   2.5922   4.1279   3.9269   -1.710   -1.298   -0.821   -0.722   -0.691   -0.640   -0.500   -0.459   -0.424   3.31935763   1
   0.030000   8.0000   4.27678442   4.2768   2.6343   4.1299   3.9004   -1.816   -1.400   -0.917   -0.816   -0.786   -0.733   -0.592   -0.551   -0.515   3.31996703   1
   0.030000   8.0000   4.35036707   4.3504   2.6748   4.1313   3.8731   -1.917   -1.500   -1.012   -0.910   -0.879   -0.826   -0.684   -0.642   -0.606   3.32052279   1
   0.030000   8.0000   4.40000010   4.4000   2.7022   4.1319   3.8530   -1.985   -1.568   -1.078   -0.975   -0.944   -0.891   -0.748   -0.707   -0.671   3.32088280   1
   0.030000   8.0000   4.45188475   4.4519   2.7305   4.1325   3.8320   -2.056   -1.639   -1.146   -1.043   -1.012   -0.959   -0.815   -0.774   -0.738   3.32124710   1
   0.030000   8.0000   4.54339361   4.5434   2.7807   4.1325   3.7906   -2.182   -1.768   -1.273   -1.169   -1.138   -1.085   -0.941   -0.900   -0.864   3.32186127   1
   0.030000   8.0000   4.59999990   4.6000   2.8126   4.1314   3.7598   -2.261   -1.853   -1.358   -1.254   -1.224   -1.172   -1.029   -0.988   -0.951   3.32222414   1
   0.030000   8.0000   4.60275269   4.6028   2.8141   4.1314   3.7583   -2.265   -1.857   -1.363   -1.259   -1.228   -1.176   -1.033   -0.992   -0.956   3.32224131   1
   0.030000   8.0000   4.67361498   4.6736   2.8539   4.1291   3.7160   -2.365   -1.966   -1.475   -1.371   -1.342   -1.291   -1.149   -1.109   -1.073   3.32267737   1
   0.030000   8.0000   4.75705767   4.7571   2.9010   4.1250   3.6605   -2.482   -2.099   -1.614   -1.512   -1.484   -1.434   -1.296   -1.256   -1.221   3.32316756   1
   0.030000   8.0000   4.80000019   4.8000   2.9256   4.1221   3.6278   -2.544   -2.170   -1.692   -1.590   -1.563   -1.514   -1.378   -1.340   -1.305   3.32341027   1
   0.030000   8.0000   4.84537411   4.8454   2.9522   4.1177   3.5881   -2.610   -2.250   -1.780   -1.681   -1.654   -1.608   -1.475   -1.437   -1.403   3.32366037   1
   0.030000   8.0000   4.90266848   4.9027   2.9858   4.1111   3.5330   -2.695   -2.355   -1.899   -1.802   -1.777   -1.733   -1.606   -1.570   -1.537   3.32396698   1
   0.030000   8.0000   4.95187998   4.9519   3.0150   4.1046   3.4822   -2.768   -2.448   -2.006   -1.911   -1.888   -1.847   -1.725   -1.690   -1.659   3.32422209   1
   0.030000   8.0000   4.99503374   4.9950   3.0419   4.0971   3.4290   -2.835   -2.536   -2.111   -2.019   -1.999   -1.960   -1.844   -1.812   -1.781   3.32444024   1
   0.030000   8.0000   5.00000000   5.0000   3.0452   4.0963   3.4229   -2.843   -2.546   -2.123   -2.031   -2.012   -1.973   -1.858   -1.826   -1.796   3.32446504   1
   0.030000   8.0000   5.04222870   5.0422   3.0748   4.0902   3.3725   -2.917   -2.636   -2.227   -2.138   -2.120   -2.084   -1.974   -1.944   -1.914   3.32467270   1
   0.030000   8.0000   5.05572081   5.0557   3.0860   4.0897   3.3605   -2.945   -2.666   -2.257   -2.169   -2.151   -2.115   -2.006   -1.976   -1.946   3.32473779   1
   0.030000   8.0000   5.07814217   5.0781   3.1158   4.0996   3.3724   -3.019   -2.721   -2.284   -2.190   -2.170   -2.131   -2.013   -1.980   -1.949   3.32484531   1
   0.030000   8.0000   5.08373642   5.0837   3.1314   4.1093   3.3960   -3.059   -2.734   -2.274   -2.176   -2.153   -2.111   -1.984   -1.949   -1.916   3.32487178   1
   0.030000   8.0000   5.08632898   5.0863   3.1462   4.1193   3.4215   -3.096   -2.745   -2.260   -2.157   -2.132   -2.086   -1.951   -1.914   -1.879   3.32488418   1
   0.030000   8.0000   5.08775568   5.0878   3.1622   4.1294   3.4459   -3.135   -2.757   -2.249   -2.141   -2.113   -2.064   -1.921   -1.881   -1.844   3.32489085   1
   0.030000   8.0000   5.08854723   5.0885   3.1796   4.1388   3.4662   -3.179   -2.773   -2.244   -2.132   -2.101   -2.048   -1.898   -1.857   -1.818   3.32489467   1
   0.030000   8.0000   5.08905554   5.0891   3.1990   4.1477   3.4823   -3.228   -2.796   -2.247   -2.130   -2.097   -2.042   -1.884   -1.841   -1.801   3.32489705   1
   0.030000   8.0000   5.08936357   5.0894   3.2081   4.1523   3.4917   -3.250   -2.804   -2.246   -2.127   -2.092   -2.035   -1.875   -1.830   -1.789   3.32489848   2
   0.030000   8.0000   5.08954096   5.0895   3.1888   4.1476   3.4924   -3.202   -2.770   -2.222   -2.105   -2.072   -2.016   -1.859   -1.816   -1.775   3.32489920   2
   0.030000   8.0000   5.08968830   5.0897   3.1654   4.1396   3.4838   -3.144   -2.734   -2.204   -2.092   -2.061   -2.008   -1.857   -1.815   -1.776   3.32489991   2
   0.030000   8.0000   5.08981895   5.0898   3.1493   4.1304   3.4630   -3.103   -2.720   -2.211   -2.103   -2.075   -2.025   -1.882   -1.842   -1.805   3.32490063   2
   0.030000   8.0000   5.08998156   5.0900   3.1438   4.1186   3.4215   -3.089   -2.740   -2.258   -2.155   -2.130   -2.084   -1.950   -1.913   -1.878   3.32490134   2
   0.030000   8.0000   5.09015465   5.0902   3.1518   4.1070   3.3668   -3.109   -2.793   -2.337   -2.240   -2.218   -2.176   -2.052   -2.017   -1.985   3.32490206   2
   0.030000   8.0000   5.09034348   5.0903   3.1648   4.0952   3.3066   -3.142   -2.857   -2.428   -2.336   -2.318   -2.281   -2.166   -2.135   -2.104   3.32490301   2
   0.030000   8.0000   5.09054422   5.0905   3.1761   4.0833   3.2478   -3.170   -2.913   -2.514   -2.428   -2.413   -2.381   -2.276   -2.248   -2.219   3.32490396   2
   0.030000   8.0000   5.09075308   5.0908   3.1839   4.0713   3.1922   -3.190   -2.958   -2.591   -2.511   -2.499   -2.471   -2.377   -2.352   -2.326   3.32490492   2
   0.030000   8.0000   5.09096670   5.0910   3.1887   4.0593   3.1392   -3.202   -2.992   -2.659   -2.584   -2.576   -2.552   -2.470   -2.449   -2.425   3.32490587   2
   0.030000   8.0000   5.09118319   5.0912   3.1915   4.0472   3.0882   -3.209   -3.018   -2.721   -2.652   -2.647   -2.628   -2.557   -2.540   -2.518   3.32490706   2
   0.030000   8.0000   5.09139967   5.0914   3.1925   4.0351   3.0388   -3.211   -3.035   -2.776   -2.713   -2.711   -2.698   -2.640   -2.627   -2.607   3.32490802   2
   0.030000   8.0000   5.09161425   5.0916   3.1921   4.0229   2.9905   -3.210   -3.048   -2.827   -2.771   -2.772   -2.764   -2.719   -2.710   -2.693   3.32490897   2
   0.030000   8.0000   5.09182501   5.0918   3.1906   4.0107   2.9433   -3.206   -3.053   -2.871   -2.823   -2.828   -2.826   -2.795   -2.791   -2.777   3.32490993   2
   0.030000   8.0000   5.09203005   5.0920   3.1880   3.9985   2.8969   -3.200   -3.055   -2.912   -2.873   -2.881   -2.885   -2.868   -2.869   -2.859   3.32491112   2
   0.030000   8.0000   5.09222937   5.0922   3.1846   3.9862   2.8513   -3.192   -3.048   -2.946   -2.917   -2.930   -2.941   -2.940   -2.946   -2.939   3.32491183   2
   0.030000   8.0000   5.09242058   5.0924   3.1804   3.9740   2.8064   -3.181   -3.038   -2.977   -2.959   -2.977   -2.994   -3.010   -3.020   -3.018   3.32491279   2
   0.030000   8.0000   5.09260416   5.0926   3.1754   3.9617   2.7622   -3.169   -3.016   -2.997   -2.994   -3.019   -3.045   -3.078   -3.094   -3.096   3.32491374   2
   0.030000   8.0000   5.09277964   5.0928   3.1698   3.9494   2.7186   -3.155   -2.992   -3.015   -3.027   -3.060   -3.093   -3.144   -3.166   -3.172   3.32491446   2
   0.030000   8.0000   5.09294653   5.0929   3.1637   3.9371   2.6755   -3.139   -2.949   -3.015   -3.049   -3.093   -3.138   -3.207   -3.238   -3.247   3.32491541   2
   0.030000   8.0000   5.09310532   5.0931   3.1570   3.9247   2.6329   -3.123   -2.905   -3.014   -3.070   -3.125   -3.181   -3.269   -3.308   -3.321   3.32491612   2
   0.030000   8.0000   5.09325552   5.0933   3.1499   3.9124   2.5906   -3.105   -2.844   -2.988   -3.075   -3.147   -3.218   -3.329   -3.379   -3.395   3.32491684   2
   0.030000   8.0000   5.09339762   5.0934   3.1423   3.9000   2.5488   -3.086   -2.781   -2.961   -3.079   -3.168   -3.254   -3.387   -3.448   -3.467   3.32491755   2
   0.030000   8.0000   5.09353161   5.0935   3.1344   3.8877   2.5074   -3.066   -2.710   -2.913   -3.069   -3.181   -3.285   -3.441   -3.518   -3.541   3.32491803   2
   0.030000   8.0000   5.09365892   5.0937   3.1261   3.8753   2.4662   -3.045   -2.638   -2.863   -3.059   -3.192   -3.315   -3.495   -3.587   -3.614   3.32491875   2
   0.030000   8.0000   5.09377956   5.0938   3.1175   3.8629   2.4253   -3.024   -2.559   -2.788   -3.037   -3.198   -3.343   -3.548   -3.659   -3.687   3.32491922   2
   0.030000   8.0000   5.09389305   5.0939   3.1086   3.8506   2.3846   -3.002   -2.478   -2.712   -3.014   -3.203   -3.371   -3.600   -3.729   -3.760   3.32491970   2
   0.030000   8.0000   5.09400082   5.0940   3.0995   3.8382   2.3442   -2.979   -2.386   -2.627   -2.982   -3.200   -3.391   -3.648   -3.799   -3.832   3.32492042   2
   0.030000   8.0000   5.09410286   5.0941   3.0902   3.8258   2.3040   -2.955   -2.292   -2.539   -2.950   -3.197   -3.411   -3.695   -3.868   -3.904   3.32492089   2
   0.030000   8.0000   5.09419918   5.0942   3.0806   3.8134   2.2639   -2.931   -2.180   -2.444   -2.910   -3.186   -3.424   -3.737   -3.935   -3.974   3.32492113   2
   0.030000   8.0000   5.09429073   5.0943   3.0709   3.8009   2.2240   -2.907   -2.065   -2.346   -2.869   -3.174   -3.436   -3.779   -4.002   -4.043   3.32492161   2
   0.030000   8.0000   5.09437752   5.0944   3.0609   3.7885   2.1841   -2.882   -1.923   -2.238   -2.822   -3.156   -3.442   -3.816   -4.066   -4.111   3.32492208   2
   0.030000   8.0000   5.09445953   5.0945   3.0508   3.7760   2.1443   -2.857   -1.777   -2.128   -2.774   -3.137   -3.446   -3.853   -4.130   -4.177   3.32492256   2
   0.030000   8.0000   5.09453773   5.0945   3.0406   3.7635   2.1047   -2.831   -1.598   -2.007   -2.719   -3.112   -3.444   -3.885   -4.191   -4.241   3.32492280   2
   0.030000   8.0000   5.09461212   5.0946   3.0301   3.7511   2.0652   -2.805   -1.416   -1.883   -2.663   -3.086   -3.440   -3.916   -4.251   -4.304   3.32492328   2
   0.030000   8.0000   5.09468412   5.0947   3.0194   3.7386   2.0261   -2.778   -1.202   -1.749   -2.600   -3.052   -3.428   -3.942   -4.308   -4.364   3.32492352   2
   0.030000   8.0000   5.09475565   5.0948   3.0078   3.7262   1.9882   -2.750   -0.984   -1.612   -2.534   -3.016   -3.414   -3.965   -4.361   -4.420   3.32492375   2
   0.030000   8.0000   5.09483194   5.0948   2.9946   3.7140   1.9526   -2.716   -0.737   -1.464   -2.455   -2.967   -3.386   -3.978   -4.406   -4.469   3.32492423   2
   0.030000   8.0000   5.09491682   5.0949   2.9787   3.7024   1.9219   -2.677   -0.489   -1.312   -2.371   -2.911   -3.350   -3.983   -4.441   -4.508   3.32492471   2
   0.030000   8.0000   5.09504509   5.0950   2.9529   3.6911   1.9026   -2.612   -0.208   -1.134   -2.253   -2.820   -3.281   -3.957   -4.446   -4.520   3.32492518   2
   0.030000   8.0000   5.09517050   5.0952   2.9261   3.6823   1.8942   -2.545   0.031   -0.977   -2.142   -2.731   -3.209   -3.918   -4.434   -4.512   3.32492590   2
   0.030000   8.0000   5.09531116   5.0953   2.8976   3.6732   1.8865   -2.474   0.280   -0.812   -2.023   -2.634   -3.132   -3.876   -4.419   -4.502   3.32492638   2
   0.030000   8.0000   5.09545994   5.0955   2.8787   3.6643   1.8697   -2.427   0.510   -0.665   -1.917   -2.553   -3.072   -3.853   -4.426   -4.515   3.32492709   2
   0.030000   8.0000   5.09551382   5.0955   2.8751   3.6611   1.8604   -2.418   0.587   -0.620   -1.887   -2.532   -3.059   -3.852   -4.436   -4.528   3.32492733   3
   0.030000   8.0000   5.09565735   5.0957   2.8890   3.6526   1.8124   -2.453   0.737   -0.558   -1.866   -2.534   -3.083   -3.911   -4.522   -4.620   3.32492805   3
   0.030000   8.0000   5.09578514   5.0958   2.9225   3.6449   1.7483   -2.536   0.836   -0.543   -1.890   -2.582   -3.153   -4.013   -4.651   -4.754   3.32492876   3
   0.030000   8.0000   5.09588861   5.0959   2.9628   3.6386   1.6831   -2.637   0.894   -0.560   -1.938   -2.650   -3.241   -4.129   -4.788   -4.896   3.32492924   3
   0.030000   8.0000   5.09597731   5.0960   3.0010   3.6338   1.6254   -2.732   0.926   -0.588   -1.993   -2.721   -3.327   -4.235   -4.912   -5.024   3.32492971   3
   0.030000   8.0000   5.09607029   5.0961   3.0385   3.6295   1.5706   -2.826   0.949   -0.622   -2.051   -2.793   -3.412   -4.340   -5.031   -5.146   3.32492995   3
   0.030000   8.0000   5.09620523   5.0962   3.0817   3.6248   1.5087   -2.934   0.969   -0.664   -2.119   -2.877   -3.511   -4.459   -5.166   -5.285   3.32493067   3
   0.030000   8.0000   5.09625912   5.0963   3.0958   3.6232   1.4884   -2.970   0.979   -0.674   -2.137   -2.900   -3.542   -4.497   -5.209   -5.331   3.32493091   3
   0.030000   8.0000   5.09640694   5.0964   3.1241   3.6203   1.4482   -3.040   0.995   -0.694   -2.173   -2.949   -3.605   -4.575   -5.297   -5.421   3.32493162   3
   0.030000   8.0000   5.09643650   5.0964   3.1290   3.6197   1.4410   -3.053   1.000   -0.697   -2.179   -2.957   -3.616   -4.588   -5.312   -5.437   3.32493186   3
   0.030000   8.0000   5.09670448   5.0967   3.1629   3.6162   1.3932   -3.137   1.019   -0.723   -2.224   -3.016   -3.692   -4.681   -5.416   -5.544   3.32493305   3
   0.030000   8.0000   5.09706163   5.0971   3.2021   3.6121   1.3377   -3.235   1.043   -0.752   -2.276   -3.084   -3.779   -4.788   -5.536   -5.669   3.32493472   3
   0.030000   8.0000   5.09744835   5.0974   3.2422   3.6081   1.2815   -3.336   1.066   -0.784   -2.331   -3.156   -3.869   -4.897   -5.658   -5.795   3.32493663   3
   0.030000   8.0000   5.09781981   5.0978   3.2800   3.6046   1.2297   -3.430   1.082   -0.817   -2.386   -3.224   -3.954   -4.999   -5.772   -5.913   3.32493830   3
   0.030000   8.0000   5.09819174   5.0982   3.3176   3.6012   1.1787   -3.524   1.094   -0.854   -2.442   -3.294   -4.039   -5.100   -5.884   -6.028   3.32493997   3
   0.030000   8.0000   5.09860039   5.0986   3.3588   3.5976   1.1231   -3.627   1.084   -0.888   -2.492   -3.361   -4.128   -5.212   -6.007   -6.155   3.32494187   3
   0.030000   8.0000   5.09904623   5.0990   3.4038   3.5936   1.0621   -3.739   1.062   -0.920   -2.539   -3.426   -4.223   -5.333   -6.141   -6.293   3.32494402   3
   0.030000   8.0000   5.09952259   5.0995   3.4519   3.5893   0.9968   -3.860   1.037   -0.955   -2.589   -3.497   -4.325   -5.463   -6.285   -6.441   3.32494640   3
   0.030000   8.0000   5.09998655   5.1000   3.4930   3.5856   0.9411   -3.962   1.017   -0.985   -2.632   -3.557   -4.411   -5.573   -6.408   -6.568   3.32494855   3
   0.030000   8.0000   5.10137796   5.1014   3.5302   3.5822   0.8902   -4.056   1.000   -1.009   -2.669   -3.611   -4.489   -5.673   -6.520   -6.683   3.32495499   4
   0.030000   8.0000   5.10240221   5.1024   3.5244   3.5828   0.8987   -4.041   1.001   -1.008   -2.665   -3.603   -4.478   -5.658   -6.502   -6.664   3.32495975   4
   0.030000   8.0000   5.10682487   5.1068   3.4818   3.5872   0.9594   -3.934   1.012   -0.988   -2.630   -3.548   -4.391   -5.542   -6.371   -6.529   3.32498050   4
   0.030000   8.0000   5.10938072   5.1094   3.4452   3.5909   1.0106   -3.843   1.024   -0.968   -2.598   -3.498   -4.315   -5.443   -6.260   -6.414   3.32499242   4
   0.030000   8.0000   5.11165810   5.1117   3.4057   3.5947   1.0656   -3.744   1.039   -0.946   -2.562   -3.445   -4.233   -5.336   -6.140   -6.291   3.32500315   4
   0.030000   8.0000   5.11360788   5.1136   3.3683   3.5983   1.1177   -3.651   1.052   -0.924   -2.529   -3.394   -4.155   -5.234   -6.026   -6.174   3.32501221   4
   0.030000   8.0000   5.11551285   5.1155   3.3295   3.6020   1.1714   -3.554   1.047   -0.896   -2.482   -3.331   -4.071   -5.129   -5.909   -6.053   3.32502103   4
   0.030000   8.0000   5.11774492   5.1177   3.2840   3.6064   1.2345   -3.440   1.025   -0.856   -2.417   -3.248   -3.969   -5.006   -5.772   -5.911   3.32503152   4
   0.030000   8.0000   5.11972141   5.1197   3.2463   3.6100   1.2869   -3.346   1.007   -0.824   -2.363   -3.180   -3.884   -4.904   -5.658   -5.793   3.32504058   4
   0.030000   8.0000   5.12187099   5.1219   3.2095   3.6136   1.3383   -3.254   0.990   -0.793   -2.312   -3.114   -3.802   -4.804   -5.546   -5.677   3.32505059   4
   0.030000   8.0000   5.12437010   5.1244   3.1730   3.6173   1.3897   -3.163   0.970   -0.765   -2.262   -3.050   -3.720   -4.704   -5.435   -5.562   3.32506227   4
   0.030000   8.0000   5.12743187   5.1274   3.1375   3.6210   1.4405   -3.074   0.947   -0.739   -2.216   -2.989   -3.641   -4.607   -5.325   -5.449   3.32507634   4
   0.030000   8.0000   5.13204575   5.1320   3.0980   3.6256   1.4987   -2.975   0.914   -0.715   -2.168   -2.923   -3.554   -4.498   -5.201   -5.320   3.32509780   4
   0.030000   8.0000   5.13915300   5.1392   3.0631   3.6308   1.5551   -2.888   0.863   -0.700   -2.124   -2.862   -3.477   -4.398   -5.084   -5.199   3.32513046   4
   0.030000   8.0000   5.15078926   5.1508   3.0433   3.6373   1.6017   -2.838   0.751   -0.737   -2.129   -2.846   -3.440   -4.334   -4.997   -5.106   3.32518363   5
   0.030000   8.0000   5.15620661   5.1562   3.0477   3.6402   1.6095   -2.849   0.672   -0.786   -2.165   -2.872   -3.457   -4.339   -4.990   -5.097   3.32520843   5
   0.030000   8.0000   5.19693661   5.1969   3.0952   3.6440   1.5804   -2.968   0.479   -0.951   -2.317   -3.011   -3.584   -4.449   -5.086   -5.191   3.32539153   5
   0.030000   8.0000   5.19999981   5.2000   3.0982   3.6440   1.5776   -2.976   0.473   -0.958   -2.325   -3.019   -3.592   -4.457   -5.094   -5.198   3.32540512   5
   0.030000   8.0000   5.23707533   5.2371   3.1346   3.6438   1.5437   -3.066   0.397   -1.044   -2.415   -3.110   -3.682   -4.549   -5.185   -5.290   3.32556796   6
   0.030000   8.0000   5.25295353   5.2530   3.1427   3.6417   1.5285   -3.087   0.428   -1.037   -2.417   -3.119   -3.699   -4.574   -5.218   -5.324   3.32563663   6
   0.030000   8.0000   5.29924536   5.2992   3.1655   3.6303   1.4638   -3.144   0.654   -0.941   -2.377   -3.117   -3.732   -4.657   -5.342   -5.457   3.32583332   6
   0.030000   8.0000   5.31142044   5.3114   3.1894   3.6244   1.4173   -3.203   0.748   -0.919   -2.386   -3.144   -3.780   -4.730   -5.435   -5.556   3.32588434   7
   0.030000   8.0000   5.31327868   5.3133   3.2042   3.6220   1.3932   -3.240   0.778   -0.917   -2.395   -3.164   -3.811   -4.772   -5.485   -5.609   3.32589221   7
   0.030000   8.0000   5.31612253   5.3161   3.2466   3.6163   1.3281   -3.346   0.837   -0.927   -2.436   -3.227   -3.902   -4.891   -5.623   -5.752   3.32590389   7
   0.030000   8.0000   5.31705189   5.3171   3.3025   3.6099   1.2468   -3.486   0.888   -0.959   -2.504   -3.321   -4.025   -5.045   -5.798   -5.933   3.32590771   7
   0.030000   8.0000   5.31731939   5.3173   3.3266   3.6075   1.2129   -3.547   0.902   -0.978   -2.537   -3.364   -4.079   -5.110   -5.872   -6.010   3.32590890   7
   0.030000   8.0000   5.31766605   5.3177   3.3191   3.6084   1.2241   -3.528   0.894   -0.975   -2.528   -3.351   -4.062   -5.090   -5.848   -5.985   3.32591033   7
   0.030000   8.0000   5.31797838   5.3180   3.2997   3.6103   1.2512   -3.479   0.883   -0.959   -2.501   -3.317   -4.019   -5.037   -5.789   -5.924   3.32591176   7
   0.030000   8.0000   5.31901264   5.3190   3.3332   3.6064   1.2023   -3.563   0.916   -0.977   -2.541   -3.372   -4.092   -5.129   -5.894   -6.033   3.32591605   7
   0.030000   8.0000   5.31948614   5.3195   3.3714   3.6025   1.1484   -3.659   0.942   -1.006   -2.593   -3.440   -4.177   -5.233   -6.011   -6.154   3.32591796   7
   0.030000   8.0000   5.31999207   5.3200   3.4065   3.5990   1.0995   -3.746   0.954   -1.032   -2.637   -3.499   -4.254   -5.328   -6.117   -6.264   3.32592010   7
   0.030000   8.0000   5.32061434   5.3206   3.4425   3.5955   1.0493   -3.836   0.943   -1.050   -2.668   -3.546   -4.329   -5.426   -6.227   -6.377   3.32592249   7
   0.030000   8.0000   5.32136631   5.3214   3.4797   3.5918   0.9976   -3.929   0.929   -1.071   -2.701   -3.597   -4.406   -5.527   -6.340   -6.494   3.32592583   7
   0.030000   8.0000   5.32223034   5.3222   3.5178   3.5881   0.9447   -4.025   0.916   -1.093   -2.736   -3.649   -4.485   -5.630   -6.455   -6.613   3.32592940   7
   0.030000   8.0000   5.32319641   5.3232   3.5567   3.5843   0.8906   -4.122   0.903   -1.114   -2.770   -3.702   -4.565   -5.735   -6.574   -6.735   3.32593322   7
   0.030000   8.0000   5.32422304   5.3242   3.5961   3.5803   0.8355   -4.220   0.888   -1.136   -2.805   -3.756   -4.646   -5.842   -6.694   -6.859   3.32593751   7
   0.030000   8.0000   5.32522440   5.3252   3.6357   3.5763   0.7800   -4.319   0.873   -1.156   -2.839   -3.809   -4.727   -5.949   -6.815   -6.985   3.32594180   7
   0.030000   8.0000   5.32613373   5.3261   3.6757   3.5722   0.7235   -4.419   0.831   -1.139   -2.826   -3.829   -4.791   -6.060   -6.940   -7.112   3.32594538   7
   0.030000   8.0000   5.32692766   5.3269   3.7156   3.5681   0.6673   -4.519   0.770   -1.106   -2.788   -3.831   -4.844   -6.171   -7.066   -7.241   3.32594872   7
   0.030000   8.0000   5.32762861   5.3276   3.7548   3.5640   0.6117   -4.617   0.702   -1.074   -2.749   -3.832   -4.897   -6.281   -7.191   -7.367   3.32595158   7
   0.030000   8.0000   5.32827139   5.3283   3.7935   3.5598   0.5564   -4.714   0.629   -1.039   -2.706   -3.828   -4.947   -6.390   -7.316   -7.493   3.32595420   7
   0.030000   8.0000   5.32887459   5.3289   3.8321   3.5556   0.5008   -4.810   0.548   -1.002   -2.659   -3.822   -4.996   -6.499   -7.441   -7.620   3.32595682   7
   0.030000   8.0000   5.32943964   5.3294   3.8706   3.5513   0.4452   -4.906   0.459   -0.966   -2.609   -3.812   -5.044   -6.607   -7.567   -7.747   3.32595921   7
   0.030000   8.0000   5.32997179   5.3300   3.9082   3.5470   0.3906   -5.001   0.454   -0.877   -2.509   -3.766   -5.066   -6.713   -7.684   -7.868   3.32596135   7
   0.030000   8.0000   5.33049154   5.3305   3.9433   3.5431   0.3398   -5.088   0.482   -0.775   -2.397   -3.708   -5.077   -6.812   -7.791   -7.980   3.32596350   7
   0.030000   8.0000   5.33112717   5.3311   3.9842   3.5392   0.2833   -5.190   0.494   -0.690   -2.302   -3.667   -5.103   -6.925   -7.912   -8.106   3.32596612   7
   0.030000   8.0000   5.33152866   5.3315   4.0250   3.5356   0.2283   -5.292   0.495   -0.621   -2.224   -3.638   -5.136   -7.037   -8.031   -8.230   3.32596779   7
   0.030000   8.0000   5.33160782   5.3316   4.0351   3.5345   0.2139   -5.318   0.501   -0.595   -2.195   -3.623   -5.140   -7.066   -8.061   -8.262   3.32596803   8
