  0.024000  8.8000  0.10000000  0.1000  -2.9135  3.4892  5.2541  12.054  17.944  16.185  14.475  13.192  11.589  10.158  9.620  9.349  1.57040203  0
  0.024000  8.8000  0.12000000  0.1200  -2.6815  3.5135  5.1986  11.474  16.635  15.098  13.495  12.339  10.925  9.637  9.094  8.838  1.74782515  0
  0.024000  8.8000  0.12508221  0.1251  -2.6382  3.5173  5.1887  11.365  16.424  14.915  13.329  12.190  10.805  9.537  8.993  8.740  1.78794134  1
  0.024000  8.8000  0.14000000  0.1400  -2.5159  3.5280  5.1581  11.060  15.852  14.415  12.871  11.778  10.469  9.257  8.707  8.461  1.89584959  1
  0.024000  8.8000  0.16000000  0.1600  -2.3852  3.5382  5.1262  10.733  15.311  13.925  12.415  11.358  10.122  8.956  8.398  8.157  2.02115250  1
  0.024000  8.8000  0.20000000  0.2000  -2.1854  3.5521  5.0787  10.234  14.521  13.206  11.748  10.739  9.595  8.489  7.917  7.688  2.22178221  1
  0.024000  8.8000  0.25000000  0.2500  -1.9995  3.5635  5.0355  9.769  13.781  12.565  11.179  10.198  9.112  8.037  7.455  7.250  2.40809011  1
  0.024000  8.8000  0.26251447  0.2625  -1.9575  3.5657  5.0234  9.664  13.625  12.427  11.054  10.079  9.003  7.935  7.351  7.150  2.44668698  1
  0.024000  8.8000  0.30000001  0.3000  -1.8471  3.5716  4.9947  9.388  13.211  12.061  10.726  9.765  8.718  7.665  7.076  6.888  2.54750419  1
  0.024000  8.8000  0.34999999  0.3500  -1.7320  3.5783  4.9732  9.100  12.795  11.683  10.377  9.433  8.424  7.390  6.791  6.616  2.65552020  1
  0.024000  8.8000  0.40000001  0.4000  -1.6141  3.5839  4.9357  8.805  12.411  11.316  10.027  9.098  8.130  7.112  6.499  6.335  2.74133730  1
  0.024000  8.8000  0.44999999  0.4500  -1.4990  3.5899  4.8959  8.517  12.027  10.944  9.671  8.762  7.842  6.846  6.213  6.061  2.81098008  1
  0.024000  8.8000  0.47744241  0.4774  -1.4341  3.5937  4.8718  8.355  11.803  10.726  9.462  8.566  7.681  6.698  6.052  5.909  2.84381938  1
  0.024000  8.8000  0.50000000  0.5000  -1.3862  3.5970  4.8571  8.236  11.628  10.555  9.298  8.414  7.561  6.592  5.934  5.798  2.86847806  1
  0.024000  8.8000  0.54435778  0.5444  -1.2802  3.6043  4.8173  7.970  11.269  10.196  8.952  8.094  7.298  6.355  5.678  5.554  2.91160631  1
  0.024000  8.8000  0.55000001  0.5500  -1.2675  3.6052  4.8128  7.939  11.228  10.155  8.911  8.057  7.266  6.327  5.648  5.525  2.91663504  1
  0.024000  8.8000  0.55284792  0.5528  -1.2602  3.6058  4.8100  7.920  11.204  10.130  8.888  8.035  7.248  6.310  5.631  5.509  2.91913748  1
  0.024000  8.8000  0.60000002  0.6000  -1.1465  3.6154  4.7703  7.636  10.817  9.741  8.515  7.692  6.966  6.058  5.369  5.257  2.95739889  1
  0.024000  8.8000  0.64999998  0.6500  -1.0218  3.6276  4.7291  7.325  10.361  9.293  8.091  7.307  6.654  5.787  5.094  4.992  2.99236870  1
  0.024000  8.8000  0.69999999  0.7000  -0.8955  3.6410  4.6888  7.009  9.839  8.820  7.662  6.924  6.329  5.509  4.839  4.748  3.02253795  1
  0.024000  8.8000  0.75000000  0.7500  -0.7672  3.6577  4.6572  6.688  9.244  8.309  7.210  6.529  5.996  5.235  4.606  4.527  3.04879928  1
  0.024000  8.8000  0.80000001  0.8000  -0.6407  3.6762  4.6328  6.372  8.605  7.790  6.762  6.146  5.664  4.971  4.401  4.333  3.07187057  1
  0.024000  8.8000  0.85000002  0.8500  -0.5185  3.6944  4.6097  6.066  7.984  7.312  6.352  5.795  5.353  4.725  4.211  4.152  3.09222293  1
  0.024000  8.8000  0.89999998  0.9000  -0.4012  3.7116  4.5857  5.773  7.411  6.873  5.979  5.472  5.063  4.492  4.029  3.977  3.11026096  1
  0.024000  8.8000  0.90733939  0.9073  -0.3843  3.7139  4.5818  5.731  7.331  6.812  5.927  5.426  5.021  4.458  4.002  3.951  3.11273742  1
  0.024000  8.8000  0.94999999  0.9500  -0.2885  3.7274  4.5599  5.491  6.881  6.466  5.635  5.170  4.789  4.269  3.851  3.805  3.12635612  1
  0.024000  8.8000  0.97345591  0.9734  -0.2366  3.7344  4.5464  5.361  6.652  6.287  5.485  5.036  4.667  4.168  3.767  3.724  3.13332343  1
  0.024000  8.8000  1.00000000  1.0000  -0.1797  3.7420  4.5318  5.219  6.400  6.091  5.322  4.890  4.533  4.057  3.676  3.635  3.14080405  1
  0.024000  8.8000  1.04298425  1.0430  -0.0896  3.7535  4.5056  4.994  6.018  5.787  5.067  4.660  4.322  3.880  3.527  3.490  3.15206528  1
  0.024000  8.8000  1.04999995  1.0500  -0.0752  3.7553  4.5014  4.958  5.960  5.740  5.028  4.625  4.289  3.852  3.503  3.467  3.15380883  1
  0.024000  8.8000  1.10000002  1.1000  0.0254  3.7672  4.4689  4.706  5.564  5.413  4.752  4.375  4.058  3.654  3.332  3.300  3.16554141  1
  0.024000  8.8000  1.14999998  1.1500  0.1225  3.7782  4.4349  4.464  5.199  5.104  4.490  4.136  3.835  3.461  3.163  3.135  3.17617631  1
  0.024000  8.8000  1.19926095  1.1992  0.2152  3.7881  4.4001  4.232  4.878  4.818  4.246  3.910  3.626  3.277  3.001  2.974  3.18572044  1
  0.024000  8.8000  1.20000005  1.1999  0.2165  3.7882  4.3996  4.229  4.873  4.814  4.242  3.907  3.623  3.275  2.998  2.972  3.18585706  1
  0.024000  8.8000  1.22700858  1.2270  0.2654  3.7935  4.3816  4.106  4.703  4.663  4.113  3.788  3.513  3.178  2.913  2.888  3.19073296  1
  0.024000  8.8000  1.25000000  1.2499  0.3054  3.7978  4.3668  4.006  4.565  4.539  4.007  3.691  3.422  3.099  2.843  2.819  3.19470429  1
  0.024000  8.8000  1.29999995  1.2999  0.3901  3.8068  4.3349  3.795  4.292  4.284  3.786  3.488  3.234  2.932  2.694  2.672  3.20280719  1
  0.024000  8.8000  1.35000002  1.3499  0.4705  3.8153  4.3049  3.594  4.038  4.043  3.577  3.296  3.056  2.774  2.554  2.534  3.21023273  1
  0.024000  8.8000  1.36144876  1.3614  0.4881  3.8172  4.2987  3.550  3.982  3.989  3.532  3.254  3.017  2.740  2.523  2.504  3.21184611  1
  0.024000  8.8000  1.39999998  1.3999  0.5466  3.8235  4.2777  3.404  3.797  3.813  3.379  3.114  2.888  2.626  2.422  2.404  3.21705914  1
  0.024000  8.8000  1.45000005  1.4499  0.6196  3.8317  4.2527  3.221  3.580  3.596  3.191  2.942  2.730  2.487  2.299  2.282  3.22335362  1
  0.024000  8.8000  1.50000000  1.4999  0.6898  3.8402  4.2312  3.045  3.372  3.387  3.010  2.778  2.580  2.357  2.185  2.169  3.22917390  1
  0.024000  8.8000  1.54560745  1.5456  0.7517  3.8486  4.2157  2.891  3.185  3.199  2.850  2.634  2.451  2.246  2.091  2.076  3.23411179  1
  0.024000  8.8000  1.54999995  1.5499  0.7575  3.8494  4.2142  2.876  3.168  3.181  2.834  2.621  2.439  2.236  2.082  2.067  3.23456979  1
  0.024000  8.8000  1.56065941  1.5606  0.7715  3.8514  4.2114  2.841  3.127  3.139  2.798  2.589  2.411  2.212  2.062  2.048  3.23566961  1
  0.024000  8.8000  1.60000002  1.6000  0.8224  3.8586  4.2000  2.714  2.983  2.988  2.668  2.473  2.308  2.125  1.988  1.975  3.23958373  1
  0.024000  8.8000  1.61862195  1.6186  0.8458  3.8621  4.1957  2.655  2.916  2.918  2.608  2.421  2.262  2.086  1.956  1.942  3.24135876  1
  0.024000  8.8000  1.64999998  1.6500  0.8847  3.8677  4.1875  2.558  2.806  2.802  2.509  2.332  2.184  2.020  1.900  1.887  3.24424219  1
  0.024000  8.8000  1.67499995  1.6750  0.9151  3.8721  4.1813  2.482  2.720  2.711  2.431  2.264  2.123  1.968  1.856  1.845  3.24644756  1
  0.024000  8.8000  1.68625259  1.6862  0.9285  3.8740  4.1784  2.449  2.682  2.671  2.396  2.233  2.096  1.946  1.837  1.826  3.24741507  1
  0.024000  8.8000  1.70000005  1.7000  0.9447  3.8762  4.1747  2.408  2.637  2.624  2.355  2.197  2.064  1.918  1.813  1.802  3.24857616  1
  0.024000  8.8000  1.72500002  1.7250  0.9741  3.8803  4.1679  2.335  2.558  2.539  2.282  2.132  2.007  1.868  1.770  1.759  3.25063133  1
  0.024000  8.8000  1.75000000  1.7500  1.0028  3.8840  4.1602  2.263  2.480  2.456  2.211  2.068  1.950  1.819  1.726  1.716  3.25261688  1
  0.024000  8.8000  1.77082491  1.7708  1.0267  3.8871  4.1540  2.203  2.416  2.388  2.151  2.015  1.902  1.777  1.690  1.680  3.25422001  1
  0.024000  8.8000  1.77499998  1.7750  1.0315  3.8877  4.1526  2.191  2.403  2.374  2.139  2.004  1.893  1.769  1.683  1.673  3.25453615  1
  0.024000  8.8000  1.79248095  1.7925  1.0513  3.8902  4.1469  2.142  2.350  2.317  2.090  1.960  1.853  1.734  1.652  1.642  3.25584030  1
  0.024000  8.8000  1.79999995  1.8000  1.0597  3.8912  4.1443  2.121  2.327  2.293  2.068  1.941  1.836  1.719  1.638  1.628  3.25639176  1
  0.024000  8.8000  1.81985891  1.8199  1.0820  3.8939  4.1375  2.065  2.268  2.230  2.013  1.891  1.791  1.679  1.603  1.593  3.25782299  1
  0.024000  8.8000  1.82500005  1.8250  1.0878  3.8945  4.1357  2.051  2.252  2.213  1.998  1.878  1.779  1.669  1.594  1.584  3.25818729  1
  0.024000  8.8000  1.85000002  1.8500  1.1156  3.8977  4.1263  1.981  2.178  2.134  1.929  1.815  1.722  1.618  1.548  1.538  3.25992513  1
  0.024000  8.8000  1.87051916  1.8705  1.1383  3.9002  4.1185  1.924  2.118  2.070  1.872  1.763  1.676  1.576  1.510  1.501  3.26131034  1
  0.024000  8.8000  1.87500000  1.8750  1.1433  3.9008  4.1168  1.912  2.104  2.056  1.860  1.753  1.666  1.567  1.502  1.493  3.26160812  1
  0.024000  8.8000  1.88355851  1.8836  1.1527  3.9018  4.1134  1.888  2.080  2.030  1.838  1.732  1.647  1.550  1.486  1.477  3.26217198  1
  0.024000  8.8000  1.89999998  1.9000  1.1708  3.9036  4.1065  1.843  2.032  1.981  1.794  1.692  1.610  1.517  1.455  1.446  3.26323819  1
  0.024000  8.8000  1.91198146  1.9120  1.1839  3.9050  4.1015  1.810  1.998  1.945  1.763  1.663  1.584  1.492  1.433  1.423  3.26400161  1
  0.024000  8.8000  1.92499995  1.9250  1.1981  3.9064  4.0959  1.775  1.960  1.906  1.729  1.632  1.555  1.466  1.408  1.399  3.26481819  1
  0.024000  8.8000  1.93046451  1.9305  1.2041  3.9070  4.0935  1.760  1.944  1.890  1.714  1.619  1.543  1.454  1.397  1.388  3.26515698  1
  0.024000  8.8000  1.95000005  1.9500  1.2255  3.9089  4.0840  1.706  1.889  1.831  1.662  1.571  1.498  1.413  1.358  1.349  3.26635003  1
  0.024000  8.8000  1.98207104  1.9821  1.2604  3.9120  4.0686  1.619  1.797  1.736  1.578  1.493  1.425  1.345  1.295  1.286  3.26824808  1
  0.024000  8.8000  2.00000000  2.0000  1.2798  3.9136  4.0595  1.571  1.747  1.684  1.531  1.449  1.384  1.307  1.259  1.250  3.26927757  1
  0.024000  8.8000  2.04999995  2.0500  1.3334  3.9176  4.0326  1.437  1.607  1.539  1.401  1.327  1.269  1.199  1.156  1.147  3.27203131  1
  0.024000  8.8000  2.09999990  2.1000  1.3864  3.9208  4.0029  1.304  1.470  1.397  1.271  1.204  1.152  1.087  1.048  1.040  3.27462268  1
  0.024000  8.8000  2.10333323  2.1033  1.3899  3.9210  4.0008  1.295  1.461  1.387  1.262  1.196  1.144  1.079  1.041  1.032  3.27479005  1
  0.024000  8.8000  2.15000010  2.1500  1.4394  3.9231  3.9693  1.172  1.333  1.257  1.141  1.079  1.031  0.969  0.934  0.925  3.27706480  1
  0.024000  8.8000  2.15891147  2.1589  1.4488  3.9234  3.9631  1.148  1.308  1.232  1.117  1.057  1.009  0.948  0.913  0.904  3.27748537  1
  0.024000  8.8000  2.20000005  2.2000  1.4923  3.9240  3.9302  1.039  1.197  1.119  1.009  0.950  0.903  0.844  0.809  0.801  3.27936959  1
  0.024000  8.8000  2.21098852  2.2110  1.5040  3.9241  3.9212  1.010  1.168  1.088  0.979  0.921  0.875  0.815  0.781  0.773  3.27985859  1
  0.024000  8.8000  2.25299239  2.2530  1.5482  3.9237  3.8836  0.900  1.056  0.975  0.868  0.809  0.763  0.703  0.668  0.660  3.28167391  1
  0.024000  8.8000  2.27248287  2.2725  1.5686  3.9231  3.8645  0.848  1.005  0.924  0.816  0.756  0.710  0.648  0.613  0.605  3.28248763  1
  0.024000  8.8000  2.29756927  2.2976  1.5946  3.9221  3.8391  0.784  0.941  0.858  0.749  0.688  0.640  0.577  0.541  0.532  3.28351021  1
  0.024000  8.8000  2.33526492  2.3353  1.6335  3.9190  3.7947  0.686  0.848  0.762  0.647  0.582  0.529  0.460  0.421  0.412  3.28499508  1
  0.024000  8.8000  2.34496593  2.3450  1.6435  3.9180  3.7825  0.661  0.825  0.738  0.620  0.554  0.500  0.429  0.389  0.380  3.28536773  1
  0.024000  8.8000  2.34968638  2.3497  1.6483  3.9176  3.7770  0.649  0.813  0.726  0.608  0.540  0.486  0.415  0.374  0.365  3.28554749  1
  0.024000  8.8000  2.38960576  2.3896  1.6881  3.9130  3.7261  0.550  0.722  0.630  0.501  0.427  0.366  0.287  0.241  0.231  3.28703356  1
  0.024000  8.8000  2.42374635  2.4237  1.7216  3.9073  3.6763  0.466  0.649  0.550  0.409  0.326  0.258  0.168  0.117  0.105  3.28825641  1
  0.024000  8.8000  2.45124960  2.4512  1.7481  3.9008  3.6286  0.400  0.596  0.490  0.333  0.239  0.163  0.062  0.003  -0.009  3.28921080  1
  0.024000  8.8000  2.47574091  2.4757  1.7713  3.8940  3.5824  0.342  0.553  0.447  0.270  0.164  0.077  -0.037  -0.105  -0.119  3.29003835  1
  0.024000  8.8000  2.48993206  2.4899  1.7845  3.8897  3.5543  0.309  0.530  0.425  0.234  0.120  0.025  -0.097  -0.171  -0.185  3.29050851  1
  0.024000  8.8000  2.50658989  2.5066  1.8003  3.8837  3.5175  0.269  0.505  0.400  0.192  0.066  -0.039  -0.172  -0.254  -0.269  3.29105210  1
  0.024000  8.8000  2.52481723  2.5248  1.8178  3.8755  3.4704  0.226  0.481  0.378  0.143  0.001  -0.117  -0.265  -0.359  -0.375  3.29163647  1
  0.024000  8.8000  2.54828691  2.5483  1.8463  3.8680  3.4159  0.154  0.432  0.329  0.073  -0.083  -0.215  -0.379  -0.485  -0.502  3.29237318  1
  0.024000  8.8000  2.55116534  2.5512  1.8508  3.8677  3.4107  0.143  0.422  0.319  0.062  -0.095  -0.227  -0.392  -0.498  -0.515  3.29246235  1
  0.024000  8.8000  2.56170893  2.5617  1.8858  3.8787  3.4216  0.056  0.304  0.193  -0.027  -0.161  -0.272  -0.415  -0.503  -0.519  3.29278660  1
  0.024000  8.8000  2.56422257  2.5642  1.9066  3.8891  3.4429  0.003  0.226  0.110  -0.074  -0.187  -0.280  -0.403  -0.477  -0.492  3.29286337  1
  0.024000  8.8000  2.56539893  2.5654  1.9268  3.8998  3.4655  -0.047  0.151  0.027  -0.120  -0.210  -0.286  -0.389  -0.447  -0.461  3.29289913  1
  0.024000  8.8000  2.56603622  2.5660  1.9482  3.9105  3.4870  -0.101  0.072  -0.041  -0.158  -0.231  -0.291  -0.376  -0.422  -0.433  3.29291844  1
  0.024000  8.8000  2.56638980  2.5664  1.9697  3.9201  3.5042  -0.154  -0.005  -0.108  -0.198  -0.255  -0.301  -0.369  -0.404  -0.414  3.29292941  1
  0.024000  8.8000  2.56660056  2.5666  1.9917  3.9289  3.5171  -0.209  -0.079  -0.169  -0.236  -0.280  -0.315  -0.368  -0.396  -0.403  3.29293585  1
  0.024000  8.8000  2.56682253  2.5668  2.0155  3.9386  3.5324  -0.269  -0.158  -0.223  -0.269  -0.301  -0.326  -0.365  -0.384  -0.389  3.29294252  2
  0.024000  8.8000  2.56691623  2.5669  1.9846  3.9325  3.5386  -0.192  -0.068  -0.148  -0.208  -0.248  -0.280  -0.328  -0.352  -0.359  3.29294538  2
  0.024000  8.8000  2.56697941  2.5670  1.9583  3.9244  3.5329  -0.126  0.015  -0.084  -0.163  -0.213  -0.254  -0.314  -0.345  -0.353  3.29294729  2
  0.024000  8.8000  2.56705976  2.5671  1.9399  3.9131  3.5058  -0.080  0.087  -0.023  -0.134  -0.202  -0.259  -0.339  -0.382  -0.393  3.29294968  2
  0.024000  8.8000  2.56714869  2.5671  1.9394  3.9018  3.4614  -0.078  0.114  -0.008  -0.149  -0.235  -0.308  -0.408  -0.464  -0.476  3.29295230  2
  0.024000  8.8000  2.56725383  2.5673  1.9481  3.8904  3.4072  -0.100  0.119  -0.002  -0.178  -0.287  -0.378  -0.499  -0.570  -0.584  3.29295564  2
  0.024000  8.8000  2.56737375  2.5674  1.9561  3.8790  3.3533  -0.120  0.127  0.009  -0.205  -0.336  -0.446  -0.588  -0.675  -0.691  3.29295921  2
  0.024000  8.8000  2.56750607  2.5675  1.9603  3.8674  3.3029  -0.131  0.151  0.036  -0.216  -0.370  -0.501  -0.666  -0.771  -0.789  3.29296327  2
  0.024000  8.8000  2.56764913  2.5676  1.9612  3.8558  3.2555  -0.133  0.186  0.075  -0.215  -0.394  -0.545  -0.735  -0.860  -0.879  3.29296756  2
  0.024000  8.8000  2.56780148  2.5678  1.9597  3.8441  3.2103  -0.129  0.235  0.125  -0.205  -0.408  -0.581  -0.796  -0.942  -0.964  3.29297233  2
  0.024000  8.8000  2.56796145  2.5680  1.9560  3.8323  3.1667  -0.120  0.296  0.184  -0.187  -0.415  -0.610  -0.851  -1.020  -1.043  3.29297709  2
  0.024000  8.8000  2.56813097  2.5681  1.9505  3.8202  3.1241  -0.106  0.372  0.254  -0.162  -0.415  -0.633  -0.902  -1.093  -1.119  3.29298234  2
  0.024000  8.8000  2.56832051  2.5683  1.9426  3.8073  3.0804  -0.086  0.472  0.341  -0.127  -0.407  -0.648  -0.948  -1.167  -1.195  3.29298806  2
  0.024000  8.8000  2.56854320  2.5685  1.9310  3.7931  3.0353  -0.057  0.607  0.450  -0.078  -0.389  -0.655  -0.990  -1.239  -1.270  3.29299474  2
  0.024000  8.8000  2.56882238  2.5688  1.9123  3.7774  2.9909  -0.011  0.791  0.593  -0.006  -0.350  -0.644  -1.020  -1.303  -1.338  3.29300332  2
  0.024000  8.8000  2.56905890  2.5691  1.8926  3.7659  2.9646  0.038  0.967  0.721  0.067  -0.303  -0.616  -1.023  -1.333  -1.371  3.29301047  2
  0.024000  8.8000  2.56931472  2.5693  1.8666  3.7549  2.9469  0.103  1.158  0.863  0.156  -0.238  -0.570  -1.007  -1.343  -1.384  3.29301834  2
  0.024000  8.8000  2.56956172  2.5696  1.8361  3.7454  2.9392  0.180  1.357  1.011  0.256  -0.158  -0.508  -0.972  -1.331  -1.374  3.29302573  2
  0.024000  8.8000  2.56977725  2.5698  1.8052  3.7376  2.9391  0.257  1.544  1.150  0.356  -0.076  -0.439  -0.928  -1.305  -1.351  3.29303217  2
  0.024000  8.8000  2.57004857  2.5700  1.7627  3.7285  2.9451  0.363  1.777  1.329  0.488  0.036  -0.343  -0.859  -1.260  -1.308  3.29304051  2
  0.024000  8.8000  2.57034755  2.5703  1.7202  3.7191  2.9501  0.470  2.028  1.514  0.626  0.153  -0.242  -0.789  -1.215  -1.266  3.29304957  2
  0.024000  8.8000  2.57078147  2.5708  1.6917  3.7064  2.9280  0.541  2.306  1.695  0.744  0.241  -0.175  -0.765  -1.225  -1.282  3.29306269  3
  0.024000  8.8000  2.57117891  2.5712  1.7226  3.6966  2.8578  0.464  2.401  1.708  0.708  0.181  -0.253  -0.877  -1.365  -1.426  3.29307485  3
  0.024000  8.8000  2.57146525  2.5715  1.7629  3.6907  2.7941  0.363  2.411  1.665  0.636  0.094  -0.352  -0.997  -1.502  -1.566  3.29308343  3
  0.024000  8.8000  2.57172704  2.5717  1.8031  3.6862  2.7359  0.262  2.398  1.610  0.558  0.004  -0.450  -1.112  -1.631  -1.697  3.29309130  3
  0.024000  8.8000  2.57198524  2.5720  1.8423  3.6823  2.6812  0.164  2.375  1.551  0.478  -0.084  -0.547  -1.223  -1.753  -1.821  3.29309916  3
  0.024000  8.8000  2.57224321  2.5722  1.8809  3.6788  2.6286  0.068  2.348  1.490  0.398  -0.173  -0.642  -1.332  -1.871  -1.941  3.29310703  3
  0.024000  8.8000  2.57249784  2.5725  1.9194  3.6755  2.5771  -0.028  2.318  1.427  0.318  -0.261  -0.737  -1.439  -1.988  -2.059  3.29311466  3
  0.024000  8.8000  2.57274747  2.5727  1.9577  3.6724  2.5263  -0.124  2.287  1.366  0.241  -0.346  -0.829  -1.544  -2.103  -2.176  3.29312229  3
  0.024000  8.8000  2.57299089  2.5730  1.9957  3.6693  2.4760  -0.219  2.258  1.306  0.166  -0.430  -0.921  -1.647  -2.216  -2.292  3.29312968  3
  0.024000  8.8000  2.57305169  2.5731  2.0053  3.6686  2.4634  -0.243  2.250  1.291  0.147  -0.452  -0.944  -1.673  -2.245  -2.321  3.29313135  3
  0.024000  8.8000  2.57323694  2.5732  2.0346  3.6663  2.4251  -0.316  2.227  1.244  0.088  -0.517  -1.014  -1.753  -2.332  -2.409  3.29313707  3
  0.024000  8.8000  2.57342196  2.5734  2.0639  3.6641  2.3871  -0.390  2.203  1.196  0.029  -0.583  -1.085  -1.832  -2.418  -2.497  3.29314256  3
  0.024000  8.8000  2.57348323  2.5735  2.0735  3.6634  2.3746  -0.414  2.194  1.180  0.009  -0.604  -1.108  -1.858  -2.446  -2.526  3.29314446  3
  0.024000  8.8000  2.57372856  2.5737  2.1124  3.6606  2.3247  -0.511  2.160  1.115  -0.070  -0.692  -1.202  -1.963  -2.560  -2.642  3.29315186  3
  0.024000  8.8000  2.57397270  2.5740  2.1515  3.6578  2.2744  -0.609  2.127  1.050  -0.151  -0.780  -1.297  -2.069  -2.675  -2.758  3.29315925  3
  0.024000  8.8000  2.57420969  2.5742  2.1902  3.6550  2.2245  -0.706  2.095  0.986  -0.230  -0.867  -1.390  -2.174  -2.788  -2.874  3.29316640  3
  0.024000  8.8000  2.57444024  2.5744  2.2288  3.6522  2.1745  -0.802  2.065  0.924  -0.308  -0.953  -1.483  -2.279  -2.902  -2.989  3.29317331  3
  0.024000  8.8000  2.57466412  2.5747  2.2671  3.6494  2.1251  -0.898  2.036  0.862  -0.386  -1.038  -1.575  -2.382  -3.014  -3.103  3.29318023  3
  0.024000  8.8000  2.57488608  2.5749  2.3060  3.6465  2.0747  -0.995  2.011  0.804  -0.459  -1.121  -1.667  -2.486  -3.128  -3.219  3.29318690  3
  0.024000  8.8000  2.57510066  2.5751  2.3443  3.6435  2.0247  -1.091  1.991  0.748  -0.531  -1.202  -1.757  -2.589  -3.241  -3.334  3.29319334  3
  0.024000  8.8000  2.57531142  2.5753  2.3827  3.6406  1.9746  -1.187  1.970  0.692  -0.603  -1.283  -1.848  -2.692  -3.354  -3.450  3.29319978  3
  0.024000  8.8000  2.57551455  2.5755  2.4204  3.6377  1.9253  -1.281  1.955  0.638  -0.673  -1.363  -1.936  -2.793  -3.465  -3.563  3.29320574  3
  0.024000  8.8000  2.57573843  2.5757  2.4623  3.6344  1.8700  -1.386  1.939  0.579  -0.751  -1.451  -2.034  -2.906  -3.589  -3.690  3.29321265  3
  0.024000  8.8000  2.57600069  2.5760  2.5125  3.6305  1.8042  -1.511  1.921  0.508  -0.844  -1.558  -2.152  -3.041  -3.737  -3.841  3.29322052  3
  0.024000  8.8000  2.57619286  2.5762  2.5496  3.6275  1.7553  -1.604  1.910  0.457  -0.912  -1.635  -2.239  -3.140  -3.847  -3.953  3.29322624  3
  0.024000  8.8000  2.57638788  2.5764  2.5855  3.6245  1.7077  -1.694  1.902  0.409  -0.977  -1.710  -2.323  -3.237  -3.954  -4.062  3.29323220  3
  0.024000  8.8000  2.57658315  2.5766  2.6141  3.6223  1.6702  -1.765  1.897  0.375  -1.024  -1.765  -2.389  -3.314  -4.037  -4.148  3.29323792  4
  0.024000  8.8000  2.57667136  2.5767  2.6008  3.6234  1.6877  -1.732  1.899  0.391  -1.002  -1.740  -2.358  -3.278  -3.998  -4.108  3.29324079  4
  0.024000  8.8000  2.57678604  2.5768  2.5744  3.6255  1.7228  -1.666  1.902  0.422  -0.959  -1.688  -2.297  -3.207  -3.920  -4.028  3.29324412  4
  0.024000  8.8000  2.57694459  2.5769  2.5419  3.6282  1.7660  -1.585  1.910  0.466  -0.899  -1.620  -2.221  -3.120  -3.824  -3.929  3.29324889  4
  0.024000  8.8000  2.57711625  2.5771  2.5123  3.6306  1.8053  -1.511  1.917  0.506  -0.845  -1.558  -2.152  -3.040  -3.736  -3.839  3.29325414  4
  0.024000  8.8000  2.57731938  2.5773  2.4798  3.6333  1.8485  -1.429  1.926  0.550  -0.786  -1.490  -2.076  -2.952  -3.639  -3.741  3.29326010  4
  0.024000  8.8000  2.57754183  2.5775  2.4458  3.6360  1.8934  -1.344  1.938  0.598  -0.723  -1.418  -1.996  -2.861  -3.538  -3.638  3.29326701  4
  0.024000  8.8000  2.57778573  2.5778  2.4105  3.6389  1.9403  -1.256  1.949  0.647  -0.658  -1.344  -1.914  -2.766  -3.433  -3.530  3.29327416  4
  0.024000  8.8000  2.57805634  2.5781  2.3727  3.6419  1.9901  -1.162  1.964  0.700  -0.588  -1.265  -1.825  -2.664  -3.322  -3.416  3.29328251  4
  0.024000  8.8000  2.57835221  2.5784  2.3315  3.6452  2.0447  -1.059  1.983  0.758  -0.512  -1.178  -1.728  -2.553  -3.199  -3.291  3.29329133  4
  0.024000  8.8000  2.57865381  2.5787  2.2880  3.6487  2.1021  -0.950  2.004  0.820  -0.432  -1.087  -1.626  -2.436  -3.070  -3.160  3.29330039  4
  0.024000  8.8000  2.57894921  2.5789  2.2448  3.6521  2.1589  -0.842  2.031  0.886  -0.348  -0.993  -1.523  -2.319  -2.942  -3.030  3.29330921  4
  0.024000  8.8000  2.57924795  2.5792  2.2021  3.6555  2.2153  -0.735  2.059  0.953  -0.262  -0.898  -1.420  -2.202  -2.815  -2.900  3.29331827  4
  0.024000  8.8000  2.57955790  2.5796  2.1602  3.6587  2.2702  -0.631  2.089  1.019  -0.178  -0.805  -1.320  -2.089  -2.691  -2.774  3.29332757  4
  0.024000  8.8000  2.57989407  2.5799  2.1190  3.6620  2.3244  -0.528  2.119  1.084  -0.096  -0.713  -1.221  -1.976  -2.569  -2.649  3.29333758  4
  0.024000  8.8000  2.58027077  2.5803  2.0782  3.6652  2.3781  -0.426  2.149  1.149  -0.014  -0.622  -1.122  -1.865  -2.447  -2.526  3.29334903  4
  0.024000  8.8000  2.58069992  2.5807  2.0379  3.6683  2.4311  -0.325  2.180  1.214  0.067  -0.533  -1.025  -1.756  -2.327  -2.404  3.29336190  4
  0.024000  8.8000  2.58119678  2.5812  1.9985  3.6715  2.4833  -0.226  2.210  1.276  0.145  -0.445  -0.930  -1.648  -2.210  -2.284  3.29337668  4
  0.024000  8.8000  2.58195043  2.5820  1.9509  3.6753  2.5464  -0.107  2.248  1.352  0.240  -0.340  -0.816  -1.519  -2.067  -2.139  3.29339933  4
  0.024000  8.8000  2.58294344  2.5829  1.9049  3.6792  2.6081  0.008  2.284  1.427  0.336  -0.234  -0.702  -1.391  -1.929  -1.998  3.29342914  4
  0.024000  8.8000  2.58436394  2.5844  1.8603  3.6833  2.6692  0.119  2.314  1.497  0.428  -0.132  -0.593  -1.265  -1.792  -1.859  3.29347157  4
  0.024000  8.8000  2.58656621  2.5866  1.8241  3.6873  2.7218  0.210  2.327  1.547  0.499  -0.051  -0.504  -1.162  -1.676  -1.742  3.29353738  4
  0.024000  8.8000  2.58791113  2.5879  1.8125  3.6888  2.7395  0.239  2.328  1.561  0.521  -0.026  -0.475  -1.128  -1.638  -1.703  3.29357743  5
  0.024000  8.8000  2.61704373  2.6170  1.8518  3.6882  2.7029  0.140  2.244  1.470  0.425  -0.123  -0.574  -1.228  -1.740  -1.805  3.29443264  5
  0.024000  8.8000  2.64801240  2.6480  1.8931  3.6880  2.6659  0.037  2.150  1.370  0.322  -0.226  -0.677  -1.332  -1.844  -1.909  3.29531503  5
  0.024000  8.8000  2.67316890  2.6732  1.9292  3.6875  2.6318  -0.053  2.073  1.286  0.234  -0.315  -0.767  -1.425  -1.937  -2.003  3.29601240  5
  0.024000  8.8000  2.68993187  2.6899  1.9544  3.6869  2.6068  -0.116  2.024  1.230  0.174  -0.377  -0.830  -1.490  -2.004  -2.070  3.29646754  5
  0.024000  8.8000  2.70579600  2.7058  1.9797  3.6860  2.5806  -0.179  1.980  1.175  0.115  -0.438  -0.893  -1.556  -2.073  -2.139  3.29689169  5
  0.024000  8.8000  2.72394848  2.7239  2.0100  3.6844  2.5469  -0.255  1.937  1.116  0.046  -0.511  -0.968  -1.637  -2.158  -2.225  3.29736900  6
  0.024000  8.8000  2.73222733  2.7322  2.0252  3.6833  2.5285  -0.293  1.921  1.090  0.014  -0.546  -1.006  -1.679  -2.203  -2.271  3.29758406  6
  0.024000  8.8000  2.75285387  2.7529  2.0725  3.6788  2.4666  -0.411  1.894  1.017  -0.083  -0.654  -1.122  -1.812  -2.349  -2.419  3.29811239  6
  0.024000  8.8000  2.75429392  2.7543  2.0790  3.6780  2.4572  -0.427  1.894  1.009  -0.096  -0.668  -1.138  -1.831  -2.370  -2.441  3.29814887  7
  0.024000  8.8000  2.75633860  2.7563  2.1050  3.6749  2.4188  -0.492  1.894  0.977  -0.145  -0.725  -1.202  -1.907  -2.455  -2.527  3.29820061  7
  0.024000  8.8000  2.75739288  2.7574  2.1271  3.6724  2.3869  -0.548  1.891  0.950  -0.184  -0.772  -1.254  -1.969  -2.525  -2.599  3.29822731  7
  0.024000  8.8000  2.75790691  2.7579  2.1492  3.6702  2.3560  -0.603  1.883  0.920  -0.225  -0.819  -1.307  -2.030  -2.594  -2.669  3.29824042  7
  0.024000  8.8000  2.75813079  2.7581  2.1680  3.6684  2.3303  -0.650  1.875  0.893  -0.261  -0.860  -1.351  -2.082  -2.651  -2.728  3.29824591  7
  0.024000  8.8000  2.75824881  2.7582  2.1852  3.6668  2.3067  -0.693  1.866  0.868  -0.294  -0.897  -1.393  -2.129  -2.704  -2.782  3.29824901  7
  0.024000  8.8000  2.75832081  2.7583  2.2014  3.6654  2.2848  -0.734  1.857  0.844  -0.325  -0.933  -1.431  -2.174  -2.753  -2.832  3.29825068  7
  0.024000  8.8000  2.75838757  2.7584  2.2182  3.6640  2.2624  -0.776  1.846  0.818  -0.358  -0.970  -1.472  -2.220  -2.803  -2.883  3.29825234  7
  0.024000  8.8000  2.75851989  2.7585  2.2352  3.6625  2.2396  -0.818  1.837  0.793  -0.391  -1.007  -1.512  -2.266  -2.854  -2.935  3.29825568  7
  0.024000  8.8000  2.75875902  2.7588  2.2257  3.6633  2.2521  -0.794  1.844  0.808  -0.372  -0.986  -1.490  -2.241  -2.826  -2.906  3.29826188  7
  0.024000  8.8000  2.75952554  2.7595  2.2666  3.6593  2.1955  -0.897  1.829  0.751  -0.450  -1.074  -1.587  -2.354  -2.952  -3.035  3.29828119  7
  0.024000  8.8000  2.76220250  2.7622  2.3311  3.6534  2.1076  -1.058  1.802  0.659  -0.573  -1.214  -1.741  -2.532  -3.149  -3.236  3.29834843  7
  0.024000  8.8000  2.76350784  2.7635  2.3753  3.6496  2.0487  -1.168  1.779  0.593  -0.660  -1.311  -1.847  -2.653  -3.282  -3.371  3.29838133  7
  0.024000  8.8000  2.76451182  2.7645  2.4240  3.6455  1.9836  -1.290  1.762  0.527  -0.747  -1.412  -1.961  -2.785  -3.428  -3.520  3.29840660  7
  0.024000  8.8000  2.76534915  2.7653  2.4684  3.6418  1.9244  -1.401  1.748  0.467  -0.828  -1.504  -2.064  -2.905  -3.561  -3.656  3.29842758  7
  0.024000  8.8000  2.76606917  2.7661  2.5120  3.6381  1.8664  -1.510  1.736  0.408  -0.907  -1.595  -2.166  -3.022  -3.691  -3.789  3.29844546  7
  0.024000  8.8000  2.76669741  2.7667  2.5549  3.6345  1.8091  -1.617  1.725  0.350  -0.985  -1.685  -2.266  -3.138  -3.819  -3.920  3.29846120  7
  0.024000  8.8000  2.76724792  2.7672  2.5976  3.6309  1.7522  -1.724  1.716  0.293  -1.062  -1.774  -2.366  -3.253  -3.946  -4.050  3.29847503  7
  0.024000  8.8000  2.76773548  2.7677  2.6401  3.6274  1.6955  -1.830  1.707  0.236  -1.140  -1.863  -2.466  -3.368  -4.073  -4.180  3.29848719  7
  0.024000  8.8000  2.76816177  2.7682  2.6822  3.6238  1.6392  -1.935  1.703  0.184  -1.212  -1.947  -2.563  -3.481  -4.199  -4.308  3.29849792  7
  0.024000  8.8000  2.76854420  2.7685  2.7240  3.6203  1.5834  -2.040  1.703  0.139  -1.277  -2.026  -2.658  -3.593  -4.323  -4.436  3.29850745  7
  0.024000  8.8000  2.76889539  2.7689  2.7663  3.6167  1.5267  -2.146  1.706  0.094  -1.343  -2.107  -2.755  -3.707  -4.448  -4.565  3.29851627  7
  0.024000  8.8000  2.76922011  2.7692  2.8090  3.6130  1.4693  -2.253  1.712  0.050  -1.409  -2.187  -2.852  -3.822  -4.575  -4.696  3.29852438  7
  0.024000  8.8000  2.76952195  2.7695  2.8524  3.6092  1.4110  -2.361  1.721  0.005  -1.476  -2.269  -2.951  -3.938  -4.704  -4.829  3.29853201  7
  0.024000  8.8000  2.76980281  2.7698  2.8962  3.6054  1.3518  -2.470  1.732  -0.039  -1.543  -2.352  -3.050  -4.056  -4.835  -4.963  3.29853892  7
  0.024000  8.8000  2.77006555  2.7701  2.9406  3.6015  1.2918  -2.582  1.745  -0.084  -1.612  -2.436  -3.151  -4.176  -4.967  -5.099  3.29854560  7
  0.024000  8.8000  2.77031350  2.7703  2.9859  3.5974  1.2303  -2.695  1.742  -0.119  -1.667  -2.509  -3.249  -4.298  -5.102  -5.239  3.29855156  7
  0.024000  8.8000  2.77055144  2.7706  3.0324  3.5932  1.1668  -2.811  1.728  -0.150  -1.714  -2.577  -3.347  -4.424  -5.241  -5.382  3.29855752  7
  0.024000  8.8000  2.77078342  2.7708  3.0805  3.5887  1.1011  -2.931  1.713  -0.182  -1.763  -2.647  -3.449  -4.554  -5.386  -5.531  3.29856348  7
  0.024000  8.8000  2.77101636  2.7710  3.1310  3.5839  1.0312  -3.057  1.700  -0.211  -1.812  -2.718  -3.554  -4.690  -5.538  -5.689  3.29856920  7
  0.024000  8.8000  2.77125859  2.7713  3.1844  3.5788  0.9573  -3.191  1.686  -0.242  -1.863  -2.795  -3.665  -4.834  -5.700  -5.855  3.29857516  8
