 No    Ref     Vr     eps    n   TYC
 0025   421     4.9    0.9    5  1803-0478-1
 0025   618     5.0    1.0    5

 0157   336     5.6    1.6    2  1799-1062-1      
 
 0158   332     6.3           1  1799-0073-1  
 0158   336     6.0    1.0    1
 
 0164   336     3.6    1.6    2  1799-1037-1   
 0164   618     9.0    3.6    5

 0344   332     5.7           1  1803-0188-1          
 0344   336     6.2    3.0    1

 0447   332     4.9    1.1    4  1799-1440-1   
 0447   336    10.7    3.0    1
 
 0470   336     5.2    1.0    1  1799-1157-1      
 0470   421     6.2    0.6    5
 0470   618     6.2    0.6    5

 0530   336    -7.8   15.5    2  1799-0170-1    
 0530   421     5.6    0.6    6
 0530   618     5.7    0.6    6

 0531   336     9.9    0.6    2  1799-0306-1   

 0541   332     4.7    0.9    4  1803-1583-1  
 0541   336     6.1    3.0    1

 0563   336    12.5    3.7    7  1803-1585-1  

 0605   336    -2.2   24.9    3  1803-0296-1   

 0652   332     6.7    9.3    2  1799-0026-1     
 0652   336     4.7    3.0    1

 0717   336    10.8    0.7    2  1799-0184-1 

 0785   332     6.5    1.0   20  1799-1439-1 
 0785   336     7.6    0.4    2
 
 0804   336    12.3   10.1    2  1799-0079-1 

 0859   332     6.4    2.0    2  1804-2521-1   

 0948   336    -6.9    1.2    2  1800-1893-1    

 0956   332     2.8    0.2    2  1800-1961-1     
 0956   336    -9.2    2.0    1

 0980   332     5.5    2.2    4  1800-2204-1 

 1028   336     8.1    3.0    1  1800-1908-1  

 1132   336     5.9    0.5    2  1800-1574-1    
 1132   421     5.2    1.2    5
 1132   618     4.4    2.5    6

 1139   336     6.2    0.3    2  1800-1672-1  
 1139   421     6.4    1.0    5
 1139   618     6.5    0.9    6

 1182   421     6.2    0.3    5  1800-1774-1   
 1182   618     6.5    0.3    5

 1200   336     5.4    1.5    2  1800-1627-1   
 1200   421     5.7    0.5    5
 1200   618     6.1    0.4    6

 1266   336     7.1    1.1    2  1804-2095-1  

 1284   336    -4.6   12.5    2  1800-1579-1 

 1309   336     7.3    0.7    3  1800-1935-1 

 1338   336    -6.1   17.2    4  1800-2222-1  
 1338   421     6.3    0.4   25

 1362   332     5.1           1  1800-1607-1    
 1362   336     4.4    1.3    4

 1375   336     1.6   10.9    3  1800-2201-1 

 1397   336     5.1    2.0    1  1800-1567-1         

 1425   336    -6.2   16.3    2  1800-1630-1     

 1432   332     5.8    2.1    4  1800-2202-1 
 1432   336     7.9    2.4    7

 1549   336     4.3    1.0    1  1800-1729-1  
 
 1705   336   -57.0    0.9    3  1804-2520-1  

 1766   421     6.5    0.5    7  1804-1924-1     
 1766   618     6.6    0.5    7
 
 1823   332     7.8    0.6    2  1800-2207-1  
 1823   336     8.4    1.3    7
 
 1876   336     8.4    1.3    4  1800-1601-1    

 1912   336     2.4    0.6    2  1800-1846-1 
 
 1993   336     7.9    2.0    1  1800-2129-1  
 
 2168   336    16.4    3.0    1  1800-2203-1 

 2172   421     5.9    0.1   34  1804-0035-1
 2172   618     6.2    0.1   34   

 2181   336    -4.2    3.0    1  1800-2200-1 

 2220   332     3.5    4.7    2  1804-0265-1   
 2220   336     8.0    3.0    1   

 2263   332     6.5    1.5    3  1804-2047-1 
 2263   336     6.3    3.0    1

 2289   332     7.3           1  1800-0901-1  
 2289   336     1.6    2.0    1

 2345   336     4.2    1.1    2  1800-0727-1  

 2415   332     4.7           1  1800-0628-1   
 2415   336     5.8    2.3    2

 2425   332     8.4    0.4    2  1800-2206-1 
 2425   336     5.9    3.0    1

 2488   332     7.0           1  1800-0985-1 
 2488   336     3.8    3.0    1

 2507   336     7.1    2.0    1  1800-1260-1   

 2736   436     7.4    0.6    3  1804-0994-1       
 2736   618     7.6    0.6    3

 3031   336     9.4    1.1    2  1804-0067-1       
