7.566767209272481,2.823239225482673,-0.5024754185541325,0.007717600164004254,2.837028597636448E-4,0.023104351015415855,6.671895016251318E-5,-0.04455423399966607,4.418225203053814E-5,0.3199997
7.839736649180175,2.9045354373315306,-0.4145782097153404,0.007413187059745137,2.473200125083316E-4,0.019718916475744117,4.982688660308237E-4,-0.044881467263164214,3.908833823403171E-4,0.24499989
10.529251636721458,2.806285222752476,-0.41562461551962154,0.007777249742848614,2.3699590396440064E-4,0.021242130355224403,7.983511379196222E-4,-0.046600225001103356,3.965913095233045E-4,0.8249998
5.815220696080306,2.898113021175521,-0.40776886625227693,0.007948528040657269,8.707212022627372E-4,0.020024749749675875,4.635216390805727E-5,-0.04594911065876844,2.517409227411328E-5,-0.039000034
8.315469114883722,2.8206340675020085,-0.4275041891678247,0.00791941057461362,3.0623262786028186E-4,0.021898309312968274,7.174421572232421E-5,-0.047996027884013075,3.0745944052788984E-5,0.34399986
8.022158329054069,2.8876784473982338,-0.3965916022948016,0.007569175411890825,3.420917724989658E-4,0.020288465349225213,5.441741137824532E-5,-0.04536680245996523,3.544978194939473E-5,0.24000072
11.80937138539629,2.8446606181020266,-0.45029356693902883,0.006891965357500282,2.806932567269416E-4,0.022235544910821928,0.002053178283231487,-0.04194633115643019,8.69691284297205E-4,3.521
6.45580476639266,2.8989025917218503,-0.4077412707040022,0.007536833267846605,6.395402121969031E-4,0.019629086920682413,4.3824637330182274E-5,-0.04487595728740232,2.8568450427625203E-5,-0.017000198
8.084212419986027,2.841127594801371,-0.4361410483913115,0.007570505587831905,3.36002792242234E-4,0.022687322875589232,5.843145106573627E-5,-0.046665636304916075,2.922616269404513E-5,0.27499962
11.42322223810337,2.878935539401586,-0.3864881601317964,0.007503216366385533,2.5520574324902823E-4,0.01970416353944831,0.0014356178585698874,-0.04601711807048646,7.071658976125524E-4,2.262
8.745055682511023,2.884491248433171,-0.481759456863187,0.007811757788909105,2.6401267326168397E-4,0.024116435928432954,1.0205701019846381E-4,-0.04710921538185193,4.916449928305544E-5,0.4680004
10.27516616471312,2.9130438390463027,-0.4205348605550887,0.006690775023969853,8.470131461922833E-4,0.021313501559093898,0.002934985238568759,-0.042822824467382656,0.001326483189613293,1.2749996
10.511745947978238,2.8299245530962174,-0.4217085959190082,0.007055644229474087,2.835159384619453E-4,0.020811420580168806,3.1483842270347407E-4,-0.04211677855048329,1.4554865931979875E-4,0.8699999
11.261232583270006,2.9472222030634385,-0.45387465239007496,0.007238031511286713,3.225325260070118E-4,0.02042001856569378,1.9353860307308674E-4,-0.04412601182722973,1.3848526078188937E-4,1.4099998
11.135807691678966,2.8861640649583205,-0.4733496756336803,0.007436620751904743,4.0540764006896456E-4,0.02281278884983726,0.0011048527632197898,-0.046277784682572314,5.61689187970259E-4,0.78499985
7.364552430366135,2.903687665189259,-0.41019417687852205,0.007743383888727891,3.227961739603352E-4,0.019955614502970065,3.593690192837508E-4,-0.04429181300533297,3.1522576026517523E-4,0.13199997
11.58576713436106,2.875602948101378,-0.4613862284293473,0.007895711950257693,2.521585135756306E-4,0.02333790558897314,0.0012767691807629663,-0.04910716954736393,6.783720222781199E-4,1.8850002
10.341748912615207,2.892499038037551,-0.3987755264657161,0.007441857154309918,2.2441739339614504E-4,0.02150018896212296,8.098251461877587E-4,-0.045651812087608545,4.361199235503086E-4,0.8340006
10.663148447224632,2.8550131810709085,-0.43425616045982035,0.00742810860486813,2.783941279349625E-4,0.021267563964353114,1.6653225115005724E-4,-0.044701821908544236,9.837986859838015E-5,0.7720003
8.013087950185355,2.912149265607917,-0.4180353748177291,0.00781029360591557,2.563161480715678E-4,0.02133849472150166,5.618723448764326E-4,-0.04278648679696933,4.114543287580781E-4,0.40299988
9.393848321491998,2.861940580811538,-0.44121550417848526,0.007219230759949775,2.4238017873319038E-4,0.021636512283405424,1.3533035724664852E-4,-0.0450508657759094,6.553871589897772E-5,0.47399998
9.996947762187997,2.9102320255139,-0.41576765685209405,0.00771470865180844,2.4475852454414226E-4,0.019651644844872095,7.291847702361292E-4,-0.047114364542441424,4.4415949433600644E-4,0.72899914
8.76376529845636,2.8749793626230047,-0.449887251909591,0.007433002743075509,3.6438447196927447E-4,0.02086928136479537,5.809597022719745E-4,-0.042806395449171045,4.445699179436038E-4,0.39000034
9.26509198772617,2.921476095519132,-0.42691169967019765,0.007303444415423609,2.522236565936793E-4,0.019322580198417864,7.431594849486492E-4,-0.04326727930805109,3.8946053389948083E-4,0.48300076
9.688185816170158,2.8857542731432817,-0.4578354386494626,0.007666386783510211,2.4052538343402155E-4,0.02148065145648343,1.480613656337754E-4,-0.045390644040689175,8.401611649110893E-5,0.5869999
10.051062106551065,2.8953341915525135,-0.4005558642261919,0.0075375825546160355,2.2891136581452596E-4,0.02015724338875186,8.016857169919901E-4,-0.04676401801287988,3.538254019292733E-4,0.59500027
9.167585294465226,2.832066312893703,-0.39586292027711,0.008071927403155078,2.491623161267603E-4,0.021034859515557603,6.516665944589206E-4,-0.04733044242184768,3.571272223414645E-4,0.6340008
9.259918417093868,2.919093139302219,-0.42438967881210493,0.007469422111107511,2.8806685992256026E-4,0.019407581096539485,6.682888923078608E-4,-0.04638997446401869,3.645796469333803E-4,0.51399994
9.034133454412938,2.898135075347274,-0.45913456705303973,0.00638051941478296,3.4900152275656166E-4,0.020988267958898757,7.500279268740931E-4,-0.04645487635893015,8.827898478842383E-4,0.57199955
10.290766612934643,2.922013125535111,-0.426585512477614,0.007480549023524276,2.8613843513610067E-4,0.018286218574938957,9.11480376153716E-4,-0.04434028896109903,4.530169056452912E-4,0.67800045
9.883957751218306,2.899529869554007,-0.45459031191762395,0.0074609098149443645,2.6648499317259906E-4,0.02139143926084254,1.345277649870084E-4,-0.0448169038342084,8.329353899965336E-5,0.717
6.82750238785118,2.902021767750266,-0.4053365381551565,0.007578892136582589,2.909460248711486E-4,0.020308306917306496,5.6865956009029534E-5,-0.046608272478989535,4.8779913672212556E-5,0.018000126
10.330882984490914,2.875242746893276,-0.4258160927957603,0.007258486054707135,2.3246909853293635E-4,0.020139659314969607,2.8244015913185815E-4,-0.04346779802247564,1.561099705131585E-4,0.7069998
11.20874249593644,2.915278246182121,-0.41847432760627046,0.0074932727653285154,3.298636449988294E-4,0.019680156729667227,8.932813710311111E-4,-0.045288536401771086,4.852437528699331E-4,1.1640005
9.692499104357319,2.878447191813903,-0.4279560859889737,0.0070183036137253674,3.971459415232566E-4,0.02109909801453039,0.0012749725038101968,-0.04148563313556496,9.349647008143918E-4,0.62800026
8.312585844519223,2.9089927266715305,-0.41190225552300835,0.007129821314606202,3.217477221752237E-4,0.022721504735691324,6.718642940713198E-4,-0.04492818436443298,4.7364959770499247E-4,0.3210001
7.291083633778662,2.910831383399605,-0.4609229584363904,0.007178530350872914,3.1539976272945724E-4,0.020291277710331516,4.657349630663509E-5,-0.043605597474236965,2.8479951914676457E-5,0.07800007
9.333511794582734,2.9057000450849833,-0.4080087881962706,0.00714613982210898,4.2993965685137294E-4,0.02043234409644272,0.0010415193134273547,-0.043945524244718606,3.566818436364625E-4,0.4779997
10.172487811177106,2.877449423242823,-0.42646418408061154,0.006873274690386981,2.524689377935659E-4,0.019742628233825114,1.6793127331938193E-4,-0.044510368268774705,9.926488232957554E-5,0.60700035
8.2382727303875,2.9079574989461827,-0.40936911685768446,0.007638867854133874,2.9533107091831443E-4,0.017878893921392976,7.592206258779281E-4,-0.04346346980152093,4.271665146858911E-4,0.2659998
9.763092470782453,2.893821518785456,-0.44073615472722666,0.007229254792353501,2.3334209989870315E-4,0.021243843526451832,1.960062678668195E-4,-0.04368099113882136,9.688982792105042E-5,0.6870003
9.663293477397147,2.8904030824572513,-0.391356561829696,0.007626214726044671,2.950729189147491E-4,0.01848059341922318,7.970349109696428E-4,-0.04497954705336491,4.417531539656461E-4,0.64799976
8.727821677205135,2.870422646893403,-0.41521056416530433,0.00727354760495022,3.269014840583487E-4,0.019143562542136835,6.113512333310224E-4,-0.04236755470692079,3.837914377525072E-4,0.3390007
7.024616005401143,2.912355624553779,-0.4136244197672129,0.007169441860939577,3.7880363322691566E-4,0.019078224221007987,4.865463728675583E-5,-0.045462549447894435,3.0173417761028872E-5,0.059999943
9.467589516384162,2.8398444628536583,-0.3808563268319488,0.007127912291071012,2.5661754959057894E-4,0.021010751166320417,1.422841406608984E-4,-0.04437078515643849,9.342207837727623E-5,0.6079998
6.327547776037669,2.9083409851258697,-0.409588141886675,0.007876295563301595,4.581992547459496E-4,0.020889324365850705,2.6128734174656894E-4,-0.044683970833781374,2.6088431893237104E-4,0.029000282
10.942157716533814,2.858824422284294,-0.40131347952564433,0.007874573643250208,2.4046436664786457E-4,0.02191659216721614,7.396603643751229E-4,-0.0493520539034257,4.485765148459197E-4,0.9699993
8.118367351358593,2.9238534829783966,-0.4248619172914794,0.006621755412024065,6.588895922560086E-4,0.02162007214777757,5.402927212789763E-5,-0.04703826805922284,3.36688980716022E-5,0.28200054
11.419622319719874,2.8814290522828054,-0.4228413828407559,0.007273736744882027,4.806681448727131E-4,0.02327246944435414,0.0014627394183623914,-0.04439376708197258,7.521321999906054E-4,2.0880003
7.305936326806645,2.9111088458469783,-0.41203563182014674,0.007648680888484211,3.0424445471541306E-4,0.01885420477305725,3.6987311514742594E-4,-0.04375697548763474,3.561800815654939E-4,0.05000019
10.896849937812494,2.861000703366943,-0.4006329559737246,0.006643499109864976,2.5036722551107404E-4,0.018568315081396836,8.151861329326002E-4,-0.040565518544983976,3.376479526152722E-4,0.8289995
7.752611339106959,2.9142795783210156,-0.41497024708764546,0.0074240826931236195,2.7382091005420157E-4,0.02216513515496732,4.392738138972484E-4,-0.04503644623386657,3.3831750232869934E-4,0.17700005
10.591447284586406,2.896033506091893,-0.43601058748647187,0.007658985698496882,2.54188934007042E-4,0.022068501848332017,8.229746049919093E-4,-0.04552297760926387,4.2194851797990545E-4,0.84000015
6.832563810757318,2.9065864978651725,-0.40699259106257957,0.0075714627890686855,4.029145330024222E-4,0.018481548859351028,5.134577834756658E-5,-0.04691145672301332,3.671862391409206E-5,0.07200003
9.036935534702192,2.8969543870423835,-0.43367814805158417,0.007846018197557678,2.4288096629285796E-4,0.021509885817970892,1.1153086689953494E-4,-0.04524641917146949,6.601839468986214E-5,0.40600014
8.258817177684811,2.8935443883457843,-0.39203328321200526,0.007365995413449561,2.76378163179603E-4,0.019468905245225657,7.00647366317056E-5,-0.045723617026659315,4.8964605950370414E-5,0.29100037
10.89425506696589,2.8944041652023285,-0.4305678538405026,0.007723140271028138,2.4301952211591365E-4,0.020093189305674785,7.531489950950753E-4,-0.04557133790630696,3.713440298981512E-4,0.9189997
10.87544181039171,2.9213712455508896,-0.4199217209175741,0.007353754249970139,2.531305179333001E-4,0.020827963162614323,6.419762006738132E-4,-0.04599357866022715,3.189026485012528E-4,0.53499985
9.899114059579954,2.870837495953247,-0.4050955122137843,0.007662312772032739,2.892307230550935E-4,0.01688161346404666,1.0716839822852892E-4,-0.043603881734618787,6.432547645716921E-5,0.46299934
8.187849825277272,2.9085510054395414,-0.40463421571791514,0.0070667012744794425,4.439650883569412E-4,0.018638692686820307,5.304672043632509E-4,-0.04349678706951012,4.575118624007816E-4,0.40700054
9.02342350637215,2.907299953316251,-0.44001864070767505,0.007364846831313057,2.490522488317858E-4,0.021048855748981375,1.3847811406899582E-4,-0.044652737777511914,7.479292281007117E-5,0.44799995
9.066102501189448,2.8972909653569383,-0.39291603363097305,0.007608686297405253,3.494709684328047E-4,0.01572215841259902,7.047670602088733E-4,-0.04481924444812626,5.412194636341839E-4,0.46600056
9.664201984497733,2.926340569012896,-0.4570986870559322,0.007841371061331015,2.3493059401674118E-4,0.020990540082814247,1.5019216281796799E-4,-0.04797195786937417,9.396361949340978E-5,0.62300014
8.28028186651775,2.941038302882321,-0.4340908155448997,0.008490156272697074,2.6718634781171133E-4,0.02371852575043534,5.45812727552498E-4,-0.048518547039215,3.990815012927663E-4,0.44299984
10.15654586177056,2.9140087589073307,-0.4448356333032575,0.007328286272889863,2.435620639897864E-4,0.019648924602928358,1.9474711637047838E-4,-0.044357360632708204,9.419991255994255E-5,0.6260004
8.319684364236693,2.92382395759015,-0.4168559029148039,0.0070104879859621645,2.974215786172153E-4,0.019376088734267983,4.307095430827984E-4,-0.04438624292820036,3.0291005321574836E-4,0.3210001
8.339927099829854,2.9441470024230214,-0.4738483959284574,0.007748778612974865,4.728024900133652E-4,0.019940478281769206,5.966767104145681E-5,-0.04475946778904281,3.555762823704829E-5,0.37199974
7.7125384353978035,2.933770019071438,-0.42390947954121144,0.007678052208073689,3.4799807739646334E-4,0.01948420504121699,3.6097171262165426E-4,-0.04753683703966834,3.893512482818179E-4,0.19400024
9.330269775444929,2.889224368848197,-0.41646603868046633,0.007606759850377855,3.14800934638736E-4,0.02048298319729072,0.001008833163079452,-0.044832972642842625,3.757202625138259E-4,0.38500023
8.112675586895094,2.9172199219533543,-0.4075453294776301,0.007836102805006427,2.930322975427438E-4,0.019403250363483025,4.4336600355525895E-4,-0.044934905968610564,3.9230243475947823E-4,0.22200012
11.587882658092479,2.8874177830370193,-0.4138117850217484,0.007655184708483124,4.6433668256516767E-4,0.01927108860111008,7.740491637542974E-4,-0.04638594949603135,4.1988141779452287E-4,1.6680002
7.537147252150579,2.910910555619295,-0.4008021748853574,0.007023364688368016,2.6655837609421455E-4,0.01910486044256471,4.166371893124877E-4,-0.04377185151736931,3.595295102286449E-4,0.119999886
11.849521164265846,2.880444176840771,-0.40548258436077356,0.007425041340618136,3.424909142424917E-4,0.020886685303975062,0.0011105719495210758,-0.04659001882124045,5.455379611518708E-4,1.1009998
6.637256156426346,2.9113672361631866,-0.4007753001914344,0.007224737847472554,4.6388052424368087E-4,0.018760282017740857,4.017285189418771E-5,-0.04531951529491094,2.3226015375647046E-5,-0.020999908
10.280808005834498,2.906967158314482,-0.4316788504793806,0.007429187843031009,2.3713095386327933E-4,0.020452775572606014,7.164586506212556E-4,-0.041709854794006004,3.7815878744445764E-4,0.7749996
7.95697705310598,2.91330361503772,-0.40229553433077325,0.007333403775363733,3.0582687359571745E-4,0.02077644386240832,4.120802076790598E-4,-0.045742670853344145,3.555544295318039E-4,0.20300007
11.109803769282479,2.879698896538266,-0.40335585952199704,0.007450531530392471,3.32656991883339E-4,0.019768797570735557,9.6233318336594E-4,-0.04388592688787727,5.924999789471568E-4,0.8319998
9.010079792488678,2.9248685945304067,-0.4130942742942577,0.007395171089601898,2.6937920427802227E-4,0.01990770805235147,7.431223604650436E-4,-0.04385714484787617,4.619590018060112E-4,0.45699978
10.171165301056778,2.9211273445809907,-0.4452065517896097,0.0074181074871225655,2.4047600337937642E-4,0.019719670270041994,7.046737887708035E-4,-0.04548120644340972,4.0586304640785235E-4,0.7589998
7.027991812087141,2.936211623498341,-0.4236394443679619,0.007646484733646793,3.773058832283544E-4,0.018171696185212523,3.902422248511955E-5,-0.04454913848016079,2.1959704264411848E-5,0.041999817
10.574209515534772,2.9016329071878535,-0.42552468942581534,0.00697209231265322,8.254785895722288E-4,0.019353606759723866,0.002447493260825675,-0.043560182875603135,5.719703223037242E-4,0.6669998
10.938093338646496,2.9263979248361913,-0.4139434429648271,0.0074546843074910565,2.694836801629726E-4,0.01846791568172829,9.485444247849812E-4,-0.04431365388435482,4.762855468527561E-4,0.8529997
11.121037657525026,2.9006450782992705,-0.4242723499343449,0.007318142521306534,3.577493064489314E-4,0.024756614191735294,0.0013089707524379973,-0.04720594131337024,6.922751321455592E-4,0.63099957
8.093184761414612,2.925810216288388,-0.4132172011896463,0.007212185172141785,3.1051045370609814E-4,0.019318475167225523,5.251720627241476E-4,-0.04475972406515754,4.5793928493905703E-4,0.23099995
10.514419441761882,2.903713278031185,-0.427063147045842,0.007646264805109491,2.5724102859176704E-4,0.018417898796523047,7.12814913977194E-4,-0.045420677394756505,3.638460524228009E-4,0.7939997
6.195737839429505,2.9211471221521186,-0.40836759357385904,0.007884243828170889,5.427060864990136E-4,0.018014097138969794,4.052608170867524E-5,-0.04560472965491554,1.966072542561631E-5,-0.05100012
7.844282834261225,2.902473049623942,-0.4254229069967712,0.008190500797015299,5.18967879756035E-4,0.01903467168749781,5.673905455432693E-5,-0.04390841566161615,3.633091096349915E-5,0.3670001
9.38767334869376,2.8968476032396815,-0.38308987661339455,0.007167963133231572,2.3506105917861934E-4,0.018071666689868444,0.0011240088165082455,-0.04569657791041552,6.0866559389344E-4,0.5050001
11.357827482403003,2.885649853636801,-0.4074513741096492,0.007393607552106318,3.009553776461082E-4,0.01973032749185628,9.169477561971345E-4,-0.04580527317436474,4.6515761032566767E-4,0.20899963
6.073301943844488,2.940920347129137,-0.4265357538069626,0.0075239065408351,5.313170064985325E-4,0.0201686562663458,3.0217033468949372E-5,-0.04422483758968747,1.4605351255384711E-5,-0.021999836
11.035427027820326,2.89534773836082,-0.4172285154302752,0.007988307387380746,3.717773651236874E-4,0.02153310158588108,8.874551757152032E-4,-0.045149708753590985,4.882887535629102E-4,0.72599983
10.091253067065352,2.928239752793242,-0.41407579390457816,0.0066054146752484244,4.0344675982756877E-4,0.020067077968876454,0.0014688918716082937,-0.0427964436413031,3.729187595168764E-4,0.4649992
8.037302118072159,2.8919407252915654,-0.41277205565852537,0.007826572448178264,2.7800920810695014E-4,0.020574580365103613,4.502084603393367E-4,-0.045439935546704766,3.8110625369745994E-4,0.23499966
7.561549759210024,2.9136203010726347,-0.39962030660193043,0.007412980289848248,3.5423521793612677E-4,0.019031087803624374,3.221068843445488E-4,-0.044427290384050334,3.299103074804974E-4,0.072999954
10.765580961955134,2.9048576372477615,-0.425941651256256,0.007406013576968653,2.6474524233558475E-4,0.019340960363966368,7.961014290701203E-4,-0.04482885730445542,3.8963119091323524E-4,1.1349993
6.828410240001897,2.9201482781465273,-0.4059599199710081,0.0072406805484560455,4.384451133666922E-4,0.01886760734894912,4.5387061333446396E-5,-0.04597924763821376,2.612718421771141E-5,0.019000053
10.45803883067802,2.892785385821244,-0.4133161506622999,0.007521598312202325,2.453190265333863E-4,0.02222943618732919,8.670342152397703E-4,-0.04560223028994226,3.257398649134117E-4,0.7350006
9.482987706365101,2.901544294911664,-0.3854438141784099,0.0073537311326505265,2.5249704282620213E-4,0.01939662894725332,0.0010111580319707315,-0.04589144370455058,5.008029618615603E-4,0.55800056
11.13292234604894,2.9075474079443375,-0.4276036935926998,0.007998247518868542,2.9543224930339026E-4,0.022119289009097466,8.709859167075431E-4,-0.04698127127527573,5.00897219340241E-4,0.37800026
11.101727532979847,2.93115616390756,-0.41449956689984246,0.0072000005680655605,6.053114778710087E-4,0.02086853454355251,0.0022364592934869367,-0.046429937974672826,5.050189455239737E-4,1.1710005
10.528444444733188,2.88986382285878,-0.40927118902455834,0.007376483916171345,2.4226254991026859E-4,0.020406747788970444,7.210481234931136E-4,-0.04503100877677967,3.404257248447555E-4,0.8299999
11.088286844082738,2.879470824026517,-0.3624957242780634,0.00824883251854558,2.3857681555436555E-4,0.01960837795896054,0.0021044147486857694,-0.04955633298038792,0.0010314750571639379,0.5550003
10.797642841179405,2.870503880220128,-0.3888903263121006,0.007410632974207141,2.2776667496100125E-4,0.020494496812801577,0.0014426878721155024,-0.044869213720660606,6.748927472549964E-4,0.8499994
12.08402585387272,2.9297250495430034,-0.4101594588440865,0.007067543977885458,2.829514809467583E-4,0.019514411658787378,0.001122311663651897,-0.047279644832157755,5.983809010051049E-4,1.2390003
10.406521607258526,2.8899838929450556,-0.40878189565351664,0.007659553182941336,2.557909363682491E-4,0.019688096517733754,6.990244374334219E-4,-0.04618892606284697,3.37425400902909E-4,0.6789999
8.982512104365163,2.901343818251435,-0.3805174901329651,0.007399922748239183,2.4145442659776376E-4,0.020225369956700715,9.172375768717463E-4,-0.04543001531633215,4.891023893766135E-4,0.49599934
8.93175690529688,2.898585924313194,-0.4172725348662479,0.008122659245584078,2.604353598742886E-4,0.025616620322008517,7.901917678166387E-4,-0.045520303008755474,4.5172282205550564E-4,0.48600006
11.976285697680948,2.924604208436868,-0.4026660967895078,0.0072969937247018765,2.958851183420799E-4,0.020266296566370173,8.328074649586108E-4,-0.047402039149386364,4.47779921427124E-4,0.64299965
8.13286526000272,2.895371438740299,-0.4137666730350248,0.008138967164330524,3.159932906715063E-4,0.021121893828176162,4.4710902153694064E-4,-0.04882454850187846,4.022206414231696E-4,0.32400036
8.74441664641073,2.916206214459841,-0.39336923303015786,0.00749736841417028,2.658151773246964E-4,0.01972296940136566,1.0091233411345286E-4,-0.045357185089180366,5.494846630605628E-5,0.45300007
9.693115612473653,2.8908118328204995,-0.4075833907241516,0.007451793153476707,2.713702996347027E-4,0.020401925869693395,7.691813621589894E-4,-0.045099782293947926,4.014278895566414E-4,0.48099995
10.643169127592188,2.9109302215580435,-0.38683613323507826,0.006930109371732377,4.1697841960698054E-4,0.020451873067947254,0.001565697103566563,-0.046929506564064194,2.8517265815381675E-4,0.72599983
11.346894977646361,2.8776568735233865,-0.39366854306671584,0.007259992415245642,5.074734223925901E-4,0.020328379074414857,0.0013378619983332382,-0.04604070635895817,6.797297402392177E-4,1.1669998
11.220491804309393,2.9542816898308644,-0.42883392636602147,0.007219196954690684,2.665934956607739E-4,0.018368579415191016,0.001411459333650179,-0.04312172563208988,6.565346869048624E-4,0.559
11.744443573174443,2.8824089837032063,-0.3985573857480579,0.006883287990038656,2.872777665354504E-4,0.021935861471513506,9.966905092447305E-4,-0.04434219350565789,4.7480168783556244E-4,0.70199966
9.9103711452616,2.9257342775435693,-0.3998870486272702,0.00829209579454844,8.844518289347367E-4,0.01972593924819156,0.0011983083468057507,-0.04715016746013917,0.001174719924268642,0.5409994
8.605732052527603,2.943744846321178,-0.45994139372257165,0.007607637628959164,4.5442206545041354E-4,0.019632562394018224,6.113861988234486E-5,-0.04595599015218521,4.417434236978086E-5,0.36299992
7.6534775801605655,2.898854350792854,-0.37306168643836624,0.00828183675933718,5.857094552351174E-4,0.019052764802879686,2.8425398673313936E-4,-0.04734961588951877,3.413580384913937E-4,0.1800003
8.857907195569748,2.9111458297576767,-0.42724197437600736,0.007677080452419292,2.8740409870283746E-4,0.020520232400273997,9.24567111963995E-5,-0.044279883110498026,5.999261365620646E-5,0.4239998
10.265304339926612,2.9831760634633424,-0.45385928342002946,0.006761100697617316,2.5437463282205233E-4,0.017344303242452192,1.5212217186023013E-4,-0.0425007017566849,1.0581514082869044E-4,0.8069992
12.012138366153975,2.8748540326451106,-0.38975265163877004,0.00774936808490044,2.803357961875686E-4,0.022856013839336792,8.436038984044216E-4,-0.04942687260077721,3.9416601257852285E-4,3.2849998
11.149659997470195,2.928169178212684,-0.3938576810526636,0.007333043849399441,2.968673576163236E-4,0.01979238755594364,0.0010351641836073503,-0.04573547749378371,5.947655543485862E-4,1.3060007
9.321653615792865,2.9276043875421704,-0.44283743368296186,0.00697804596207892,2.9061246996897947E-4,0.01867511364346578,1.1099182394649066E-4,-0.04366295132724431,6.095568443472814E-5,0.5489998
11.553477135773685,2.970175693601561,-0.43333221191055793,0.007484717878284934,2.4735675914502707E-4,0.019415576167471266,6.799044074991381E-4,-0.04461510910828562,3.580119565770768E-4,1.3949995
9.263998204187917,2.9605839693298637,-0.4742814153524405,0.0073764663624833575,3.635347999648656E-4,0.021292711346299783,6.545843655123093E-4,-0.04294610525566996,3.688834502735757E-4,0.5629997
9.554262570363258,2.931047989083154,-0.39107750550371095,0.007710048605082126,2.6282625363237906E-4,0.019457768516665263,8.721915353836791E-4,-0.04568560603263397,4.472683107998031E-4,0.6170006
11.597470392962894,2.904477452447418,-0.41931615736772715,0.007468173593228016,2.931616314275865E-4,0.020186181710799726,0.0011461772654699255,-0.04560417833975303,6.290401450966729E-4,2.1400003
10.757800849005008,2.9275419191452086,-0.3873127093298707,0.007454564828231019,2.480189488709211E-4,0.018031722203525904,2.3043472683419963E-4,-0.045399066484174994,1.234811396124446E-4,0.8829994
10.481631856309576,2.8865146057106084,-0.4008359758082094,0.0067686578661557,5.593755844428132E-4,0.02104507253710083,0.00199944316094307,-0.04504634453419852,3.555262722926136E-4,0.4649992
10.7128536488326,2.9668417021601123,-0.42451824255706533,0.007438792051801833,2.521181131980153E-4,0.019204292952060196,2.1687301050324077E-4,-0.047142545887100894,1.2832595453147677E-4,0.9399996
8.858998611276714,2.9063370096907795,-0.4209987678961546,0.007406398256836132,3.0416228948840663E-4,0.019739170467475396,7.068358955066755E-4,-0.04576020923821747,4.079304453699644E-4,0.41800022
10.843224827014637,2.974410352454176,-0.4253300702342375,0.008179150933495777,2.995702881684184E-4,0.021552108097100463,0.001077160788499489,-0.05040375626399916,5.50895136992309E-4,0.8029995
8.526811916775689,2.8992403115374614,-0.4136684153071717,0.008144555523410178,4.5829511040807434E-4,0.019281615911374596,5.08056990110939E-4,-0.042438239012651466,5.591385533961931E-4,0.40200043
8.94416031087152,2.9607263419153718,-0.4095413837964505,0.008291371827836047,2.350992831598983E-4,0.020202431973369312,6.403493172880075E-4,-0.050241273986748894,3.799673528317558E-4,0.526
11.18261000672103,2.873782256012113,-0.3871262383354206,0.007582369522804104,4.8111973250717337E-4,0.019649770853111422,1.7290292084543295E-4,-0.045538980527733565,1.0278646851500757E-4,0.7220001
11.240971414498311,2.96118238721004,-0.4092723021637696,0.007622980524566695,2.523971501153477E-4,0.022326128553215797,9.405482917638999E-4,-0.04726722808175057,5.350657158217743E-4,1.198
10.939270318141839,2.8867215977179037,-0.39992788896255665,0.007424009843229654,6.703917157025741E-4,0.019675354825846522,0.0025724896565859734,-0.046248230970981505,4.034107834985383E-4,1.1409998
11.048634454673072,2.9413177472035437,-0.38901571376443245,0.006635582417660957,2.4366817577072317E-4,0.022522699168855326,0.0013506428103353212,-0.041645509935076236,5.499071580377429E-4,0.9569998
8.90130335348178,2.8916522780747385,-0.4044736451455999,0.007074196116783792,2.573110113955826E-4,0.020093060781342032,6.842746520470207E-4,-0.043333970428080924,4.2157151313113836E-4,0.5489998
8.28934222775208,2.949754730183811,-0.3968725733047874,0.00753100246877409,2.736816485361043E-4,0.018525933113623112,1.1013076248652608E-4,-0.045706540418075835,5.02696030367507E-5,0.3170004
9.523745565091321,2.8922836505590954,-0.4047998903104983,0.0075773369544359336,2.7527487432487877E-4,0.020058147130455263,5.461878344538713E-4,-0.045111229890460576,2.957449247920519E-4,0.6100006
11.419708356054421,2.973977812247325,-0.4149990691297004,0.006882328190492769,3.089859337480536E-4,0.02392565377537014,0.001604554561728861,-0.04307923880034118,9.461427555168289E-4,1.2550001
8.012521472525858,2.903209801101223,-0.4157611732696742,0.008232693581390522,2.998825669486513E-4,0.021309708522865605,4.4936005829627167E-4,-0.04694723048434731,4.54125867274868E-4,0.22500038
11.16000945927054,3.0161935122852213,-0.449546413341489,0.0077394748031420655,2.914812804180489E-4,0.020158875098090313,9.185298818895416E-4,-0.04697567758362114,4.3978715785977687E-4,1.3270006
7.405396752355053,2.8455523961208535,-0.3550412415516594,0.0084442997476978,5.084780514587811E-4,0.022070279050411812,5.382598480740805E-5,-0.05001050626605016,2.7107360651126462E-5,0.15299988
9.248927771767953,2.9877606765258347,-0.4231161606790873,0.0076989180010678775,4.6478626459334134E-4,0.020719641677612498,8.761123233847959E-5,-0.04947964969325318,3.7099917631370505E-5,0.5980005
7.731045926414875,2.9397497757617934,-0.4513900422824271,0.007791394781041032,3.5481240233779706E-4,0.020553229849329103,5.8147222711319815E-5,-0.047725763683851084,3.689373663252283E-5,0.19300032
7.224200802222491,2.943329972192781,-0.3799889953332824,0.007311497746495676,4.2745913517633946E-4,0.0190206698790503,8.040311310676604E-5,-0.04522250260294612,3.074998187206509E-5,0.031000137
7.801907941262105,2.921222603066451,-0.4324604134859537,0.007796000658215948,3.1494032370118797E-4,0.019140605815214148,3.70385306896148E-4,-0.04381362452236076,3.555549916597462E-4,0.20100021
11.180492542699108,2.98093680581523,-0.4150068171215941,0.0072722926205279845,2.9520286759979485E-4,0.017827237682436832,8.76814105761824E-4,-0.045133290583755266,5.162258362247865E-4,1.0930004
9.938344022243157,2.8844526829011663,-0.39463365375124665,0.006691009211070397,2.7419009107945306E-4,0.01865780965866555,7.933390981269016E-4,-0.04255155790168949,3.8529344933798797E-4,0.65999985
9.490863628643968,2.974847350451846,-0.37885055231447085,0.00723439687495951,3.438531350301676E-4,0.017570338946836003,9.238470901172795E-5,-0.04480914770498825,5.8656981199590946E-5,0.73499966
6.919548991875008,2.915844614391704,-0.42622602358419076,0.00783428839137307,7.707223444269742E-4,0.020517994052245237,5.4221217261202316E-5,-0.0456137548343733,3.3529791172590065E-5,0.02300024
9.232203218094362,3.0253748365758697,-0.39454188379345045,0.007981297759604114,3.7132075137257393E-4,0.019014385188296644,9.757323579924762E-5,-0.05011455137828668,5.602565205113343E-5,0.55999947
